0 46467.25531105571 576159.872674244 12500.0 10805.069352007504 2446467.2553110556 502616.83859672875 12500.0
0 340741.57517549954 313251.57875727996 12500.0 10800.265271157044 2740741.5751754995 330072.97512770275 12500.0
0 180817.79315078852 514934.4451541233 12500.0 10823.693363948394 2580817.7931507886 355872.6842194831 12500.0
0 47313.56261540327 561808.1934380042 12500.0 10879.315475894346 2447313.5626154034 270408.40238812676 12500.0
0 188935.42721283625 508637.0890917885 12500.0 10863.14072739117 2588935.427212836 248739.05941027025 12500.0
0 26616.081729868845 364454.4846556842 12500.0 10846.72681311512 2426616.081729869 587948.9050959405 12500.0
0 228490.4358661831 270122.7890162425 12500.0 10889.197382138302 2628490.435866183 579213.0213303401 12500.0
0 89859.95329947727 357056.6588663299 12500.0 10801.301324602455 2489859.953299477 394314.7211200499 12500.0
0 295314.5334182443 549865.3898400384 12500.0 10828.72860160153 2695314.533418244 374695.1901162824 12500.0
0 254590.11114526328 301144.33975026425 12500.0 10873.953714110974 2654590.111145263 582487.6234630002 12500.0
0 396887.9640230863 428983.98493023374 12500.0 10802.193843673718 2796887.9640230862 380606.94910558464 12500.0
0 6217.586151049925 412890.35927202937 12500.0 10838.564522295695 2406217.58615105 209890.52299320433 12500.0
0 323847.60503145773 380595.9592787575 12500.0 10800.885122914131 2723847.6050314577 411323.30535567494 12500.0
0 269489.08208690525 337580.35476157494 12500.0 10800.227882236566 2669489.0820869054 353171.2800109592 12500.0
0 243748.58923303732 519302.37294717686 12500.0 10801.123234183435 2643748.589233037 553917.0918725443 12500.0
0 362029.2879458956 306960.30990944954 12500.0 10800.406075452182 2762029.2879458955 286147.92676697986 12500.0
0 143072.71030902013 592133.0473551505 12500.0 10940.450569448221 2543072.7103090202 203818.63595539588 12500.0
0 376847.3750989839 309506.0296726951 12500.0 10811.273121044691 2776847.3750989838 419191.66302602144 12500.0
0 353917.7316064381 442204.5662292774 12500.0 10808.405881664903 2753917.7316064383 536913.3995113588 12500.0
0 155583.18282840666 333782.2088234486 12500.0 10815.211551493287 2555583.182828407 206357.40096808047 12500.0
0 148622.83724378652 512615.7680903466 12500.0 10814.142825888286 2548622.8372437865 389751.78453588695 12500.0
0 306231.3550662662 583301.1395216697 12500.0 10818.22276458716 2706231.3550662664 443823.4924374854 12500.0
0 44937.95697055316 435700.6479218265 12500.0 10840.190963135638 2444937.9569705534 228456.51833839683 12500.0
0 281968.135659668 478984.2227568421 12500.0 10806.657388432906 2681968.135659668 563265.9112243846 12500.0
0 10365.490861935723 232518.30239138487 12500.0 10826.015370585592 2410365.4908619355 399201.0874127906 12500.0
0 11052.858702670364 202807.76381992275 12500.0 10848.178540160605 2411052.8587026703 429755.0453690136 12500.0
0 362774.52190859127 305627.5916306715 12500.0 10801.442274562978 2762774.5219085915 344851.67765264306 12500.0
0 257477.6200942781 363259.30881067825 12500.0 10835.902044079206 2657477.620094278 559114.2701229025 12500.0
0 97595.74049853867 588706.1863310583 12500.0 10907.44499104441 2497595.7404985386 249327.21591090044 12500.0
0 334511.9195453988 500028.15362144436 12500.0 10814.84708527859 2734511.919545399 374140.2007056727 12500.0
0 171390.28912424538 352924.266662715 12500.0 10807.962633412919 2571390.2891242453 260747.22679373322 12500.0
0 382934.8434762127 485228.6144165201 12500.0 10803.317913376637 2782934.8434762126 544723.582555053 12500.0
0 197136.39129786528 595800.9717136943 12500.0 10813.812292194285 2597136.391297865 474382.13923860085 12500.0
0 262733.531018626 358681.790322526 12500.0 10804.188584255893 2662733.531018626 425530.0482535587 12500.0
0 170837.38277566675 510392.1018130877 12500.0 10844.83627917941 2570837.3827756667 291475.13551393047 12500.0
0 374683.23444365413 291883.4479991059 12500.0 10813.020598285426 2774683.2344436543 409769.0294680316 12500.0
0 203801.84922435132 415537.066386692 12500.0 10803.980744856477 2603801.8492243513 480705.3898399331 12500.0
0 100161.37954773243 383986.8728145218 12500.0 10819.13264857995 2500161.3795477324 526907.2542703741 12500.0
0 236060.32512592123 307685.7152572693 12500.0 10800.772438061329 2636060.325125921 336390.47787261073 12500.0
0 152681.24962645487 380776.6777165375 12500.0 10807.111090545239 2552681.249626455 293669.4999748621 12500.0
0 128315.82897986138 336675.56888330454 12500.0 10827.773834543941 2528315.8289798615 508906.5668008468 12500.0
0 199297.9720605775 436047.71656041 12500.0 10808.275445363333 2599297.9720605775 342076.85087729833 12500.0
0 236566.68034489016 500592.57574864285 12500.0 10803.910707648098 2636566.6803448903 436000.1866265189 12500.0
0 162278.18228650087 424662.53518650687 12500.0 10818.033992406297 2562278.182286501 563415.2614830479 12500.0
0 346827.38038822636 421042.2189078441 12500.0 10804.293766941264 2746827.3803882264 488724.7758327655 12500.0
0 314487.52068918187 383719.28093685117 12500.0 10805.197897334516 2714487.520689182 309249.43433799845 12500.0
0 212803.56413720298 225247.8540189663 12500.0 10800.257496035252 2612803.564137203 241820.89573994244 12500.0
0 290719.97509551735 434718.31473455334 12500.0 10834.343257811754 2690719.9750955175 243169.2264071408 12500.0
0 38296.11237452819 505296.0531484125 12500.0 10831.660365480893 2438296.1123745283 321392.39169013134 12500.0
0 91456.57352059931 514762.8286788656 12500.0 10872.665902685836 2491456.5735205994 235888.2091743042 12500.0
0 77230.56557352623 469973.61098532676 12500.0 10867.642660071831 2477230.565573526 200941.78607335422 12500.0
0 144857.99453671015 268201.6413602101 12500.0 10871.109634992685 2544857.99453671 544063.8986357835 12500.0
0 54915.05191129686 364429.7642562252 12500.0 10801.021023676101 2454915.051911297 397431.9369442659 12500.0
0 132522.28927986667 547775.5476265617 12500.0 10866.736929944036 2532522.2892798665 280556.53590091446 12500.0
0 96675.23105952913 291426.8345612804 12500.0 10802.944578477322 2496675.2310595294 235379.42709157066 12500.0
0 6809.752415998105 314309.9667437456 12500.0 10823.157660564622 2406809.752415998 471561.3178637613 12500.0
0 213178.4400719414 261746.6899048372 12500.0 10843.743577761878 2613178.4400719414 477974.13991037844 12500.0
0 380054.7184722427 556363.0095691009 12500.0 10899.67029037955 2780054.718472243 229551.82166031597 12500.0
0 378648.0365715519 208510.46831545688 12500.0 10918.551600037828 2778648.036571552 565090.1768349317 12500.0
0 368573.29872388433 476065.36551910423 12500.0 10814.948320537229 2768573.2987238844 349748.66068341746 12500.0
0 102950.92484864919 269861.89524905884 12500.0 10856.394248920704 2502950.924848649 515444.70801463886 12500.0
0 294014.1944505717 443058.63993926294 12500.0 10806.0655151595 2694014.1944505717 362611.76523092686 12500.0
0 317570.3549572301 451778.1414420564 12500.0 10800.172993340655 2717570.35495723 465362.23905264266 12500.0
0 191252.3486257294 201845.65509467057 12500.0 10837.424815579414 2591252.3486257293 401818.0770620063 12500.0
0 142823.1405233716 561999.6945535677 12500.0 10800.799136539246 2542823.1405233718 591196.3355467096 12500.0
0 387312.8346914093 413318.48170403385 12500.0 10804.747644911937 2787312.8346914095 484489.1755722376 12500.0
0 36588.07815641061 248617.00197309259 12500.0 10800.090621203135 2436588.0781564107 258448.73743627002 12500.0
0 84192.77149061517 206047.31605939745 12500.0 10814.036445517098 2484192.7714906153 328448.0432766454 12500.0
0 72107.0347487844 490440.22175745567 12500.0 10821.947366035913 2472107.0347487843 337357.5291437624 12500.0
0 8780.71483280527 227374.61360247515 12500.0 10912.144180522473 2408780.714832805 574133.1923376588 12500.0
0 294051.69838650676 286800.8253885279 12500.0 10878.50548015984 2694051.6983865066 576703.446916468 12500.0
0 353217.2853427638 498263.05862380174 12500.0 10822.128383800919 2753217.2853427636 344549.7202515128 12500.0
0 345095.58461129497 278618.7055051059 12500.0 10892.351676129274 2745095.584611295 593149.5170815315 12500.0
0 8858.925589077327 426701.64242696477 12500.0 10806.82302070429 2408858.925589077 341377.62649344857 12500.0
0 357126.58606116596 523295.6542853938 12500.0 10845.563771871042 2757126.586061166 302606.10308066197 12500.0
0 372468.0551808907 284892.44498161203 12500.0 10870.721878608458 2772468.0551808905 559999.0830763389 12500.0
0 367991.4076660584 276269.06759620924 12500.0 10810.70807985732 2767991.4076660583 383169.08731981256 12500.0
0 51891.68156188311 522926.18230832525 12500.0 10846.58990472576 2451891.681561883 299760.1243002674 12500.0
0 395092.1750193173 415021.56980924995 12500.0 10806.35580465054 2795092.1750193173 332671.58597648534 12500.0
0 94888.44130440097 263757.37358103687 12500.0 10864.527879124016 2494888.441304401 526503.1819499959 12500.0
0 60991.6288685759 557917.6575238941 12500.0 10849.7732990161 2460991.6288685757 327236.36489802523 12500.0
0 257627.61775500097 433700.2056524753 12500.0 10833.237194952051 2657627.617755001 245265.70354413212 12500.0
0 94055.9753348932 317063.2908519437 12500.0 10815.030466816206 2494055.975334893 443726.8382136858 12500.0
0 116677.11499747142 359051.37364116963 12500.0 10800.335720000674 2516677.114997471 340127.66100658715 12500.0
0 369080.11884965526 461786.5884029909 12500.0 10836.788740187336 2769080.118849655 263523.7376276109 12500.0
0 215722.96335451456 306165.7488349621 12500.0 10831.08712557336 2615722.9633545144 488394.51860364305 12500.0
0 214849.95071962292 444622.02260013885 12500.0 10800.636412927906 2614849.950719623 418567.07187113055 12500.0
0 244020.75453900607 426998.35829994426 12500.0 10800.43841315578 2644020.754539006 448623.57948164846 12500.0
0 356504.7198236111 307852.6610171236 12500.0 10802.348630874634 2756504.719823611 257797.90435359438 12500.0
0 138418.2819065841 321394.06965791085 12500.0 10806.239619449627 2538418.2819065843 239800.46274215842 12500.0
0 240513.62653276836 332000.7465989688 12500.0 10810.949293485864 2640513.6265327684 440098.69631113706 12500.0
0 13380.465207792458 273102.91501155763 12500.0 10867.712004198842 2413380.4652077924 542273.0348112304 12500.0
0 165209.4912093502 564007.647844739 12500.0 10800.615862435123 2565209.49120935 538376.8331679228 12500.0
0 49225.03632625186 437321.76524741517 12500.0 10802.58687027241 2449225.036326252 384789.3109485824 12500.0
0 309840.4072101042 420661.3392197733 12500.0 10801.047369652657 2709840.407210104 454086.6061323614 12500.0
0 253757.07070983652 493024.46136420296 12500.0 10800.794227647728 2653757.0707098367 463917.63556556834 12500.0
0 360981.15657177457 265577.54213610105 12500.0 10800.428983794696 2760981.1565717747 286968.93765159964 12500.0
0 219809.97511458752 239607.44642824528 12500.0 10907.741758583972 2619809.9751145877 579457.1061422587 12500.0
0 307163.99610768346 543306.6091452433 12500.0 10896.398478708516 2707163.9961076835 221928.41903800247 12500.0
0 59405.810010395886 588561.9041131558 12500.0 10868.091695506424 2459405.810010396 318635.79607746855 12500.0
0 96772.80883671262 234495.71136959922 12500.0 10800.895866799603 2496772.8088367125 265408.9914666559 12500.0
0 308321.6038988653 410425.58298782463 12500.0 10801.765844164858 2708321.603898865 453827.4388772338 12500.0
0 272624.3561045938 329368.2994518495 12500.0 10826.60101294566 2672624.3561045937 497919.0565088729 12500.0
0 26407.535361358914 207475.37356499964 12500.0 10800.044336522884 2426407.535361359 200598.42742956517 12500.0
0 33672.26742548919 420567.9400360018 12500.0 10827.460296475909 2433672.267425489 249313.09827157087 12500.0
0 13783.386533117171 283375.92576186755 12500.0 10802.305848006878 2413783.3865331174 233779.21445931093 12500.0
0 263395.00748655776 480584.32300437364 12500.0 10805.29837855928 2663395.0074865576 555770.6921708317 12500.0
0 58601.447825915675 305196.8911897978 12500.0 10812.485183683595 2458601.4478259156 420631.8383720843 12500.0
0 7742.409351077528 460369.6850260892 12500.0 10803.243378414276 2407742.4093510774 519192.49627776444 12500.0
0 267272.77209437446 564772.769227611 12500.0 10860.389922714683 2667272.7720943745 310615.3111403771 12500.0
0 212728.3305273078 588526.5996069144 12500.0 10902.665284539913 2612728.330527308 256818.68802949737 12500.0
0 235923.16245601128 486821.63456938963 12500.0 10820.166429270721 2635923.1624560114 340087.38126702467 12500.0
0 303081.62989708944 527984.0791508403 12500.0 10820.977092453337 2703081.6298970897 378326.8188013931 12500.0
0 70683.5556115633 458936.14150829177 12500.0 10805.955931578534 2470683.5556115634 538652.798756511 12500.0
0 34956.658572266664 238951.28015602668 12500.0 10854.328642148803 2434956.658572267 479983.04096179485 12500.0
0 238897.903155882 505744.5170557411 12500.0 10807.968805180508 2638897.903155882 597957.2859835404 12500.0
0 390072.45374511334 309447.750646835 12500.0 10806.552656512693 2790072.453745113 225831.83923600867 12500.0
0 252403.83077489087 483969.5225256854 12500.0 10801.359196130168 2652403.8307748907 445891.9643602824 12500.0
0 197845.07885655772 567549.5915178278 12500.0 10800.132872172931 2597845.0788565576 579454.6824308367 12500.0
0 100496.68629311785 296209.0778276096 12500.0 10811.139089341299 2500496.6862931177 405240.3699908405 12500.0
0 162992.87880627168 550301.4878614746 12500.0 10800.140107479869 2562992.8788062716 538076.5564540749 12500.0
0 128317.27393380791 465998.10386473394 12500.0 10811.170298920419 2528317.273933808 356814.09738003823 12500.0
0 198772.8678697847 339140.4924676504 12500.0 10812.29490816191 2598772.8678697846 224589.04711321992 12500.0
0 264025.0791046609 493391.75534846744 12500.0 10801.620202210737 2664025.079104661 534965.1281225231 12500.0
0 213878.50946287386 531039.7234171599 12500.0 10896.115212850902 2613878.509462874 210136.15867728603 12500.0
0 293962.9998404553 561700.3435217134 12500.0 10891.134867917566 2693962.999840455 249257.2653541794 12500.0
0 261266.46270209944 332082.522788245 12500.0 10814.99151387274 2661266.4627020992 205583.32645265764 12500.0
0 61960.16056813351 562357.5023652989 12500.0 10800.000000672482 2461960.1605681335 562330.7196272856 12500.0
0 155859.3543210407 393517.6713062118 12500.0 10829.29905318883 2555859.3543210407 216614.547451778 12500.0
0 380720.9332277982 559903.6250427138 12500.0 10800.393391858219 2780720.933227798 539418.8593757743 12500.0
0 18645.894913261385 440481.01450273773 12500.0 10816.089729390103 2418645.8949132613 309426.97151432856 12500.0
0 26872.92115455171 367185.6615800253 12500.0 10827.749725707905 2426872.9211545517 539341.7955043894 12500.0
0 67622.83981790316 564291.01327156 12500.0 10837.3511970011 2467622.839817903 364515.71145261923 12500.0
0 328759.12887609866 342554.8267921882 12500.0 10813.50656641012 2728759.1288760984 462621.52878794464 12500.0
0 214018.6807380092 278815.9585972405 12500.0 10817.307453113151 2614018.680738009 414742.68816588743 12500.0
0 31941.645065474324 353919.9562914604 12500.0 10805.17534160676 2431941.6450654743 279611.9011752846 12500.0
0 316415.3678180678 226721.37068004475 12500.0 10800.10593307144 2716415.367818068 216091.4209922323 12500.0
0 22726.00885822502 330775.1646388393 12500.0 10864.701605768056 2422726.008858225 593875.481832881 12500.0
0 44487.68933354641 271014.34945549484 12500.0 10879.473472693418 2444487.6893335464 562705.2938875974 12500.0
0 277070.94022962806 596055.2458996415 12500.0 10839.112326987792 2677070.9402296282 391616.1110581142 12500.0
0 135305.9798451055 272021.60373522935 12500.0 10800.135421305918 2535305.9798451057 284040.3515322031 12500.0
0 60440.658368819735 459544.0177447539 12500.0 10802.390280913625 2460440.65836882 510040.70199094 12500.0
0 227561.34824493714 430689.3281241816 12500.0 10834.141457659862 2627561.348244937 239704.72857904586 12500.0
0 397560.10459231056 256664.57146005772 12500.0 10801.910857240722 2797560.1045923107 301813.52536011924 12500.0
0 128086.10750998209 427160.0171543759 12500.0 10802.228512267093 2528086.1075099823 475917.83703299164 12500.0
0 89116.95952426131 530987.6156720844 12500.0 10811.78490847167 2489116.9595242613 418838.4850070345 12500.0
0 170797.35635992832 585836.2241147272 12500.0 10836.862043492392 2570797.3563599284 387375.61139947287 12500.0
0 73537.80529909702 495567.13774540863 12500.0 10824.231813694578 2473537.805299097 334706.12779163173 12500.0
0 281690.3739921739 231123.69712524084 12500.0 10821.81670267195 2681690.373992174 383749.5603817462 12500.0
0 221716.373831981 244430.2426338063 12500.0 10826.463875087451 2621716.373831981 412545.43514849746 12500.0
0 245817.07444962807 379694.08089103637 12500.0 10803.83151524149 2645817.074449628 315759.1565199621 12500.0
0 255235.5620682543 319375.5456832001 12500.0 10800.161219617949 2655235.562068254 332489.23608755606 12500.0
0 215052.51225702828 592969.8753250357 12500.0 10823.013995079757 2615052.5122570284 436207.58178427065 12500.0
0 327304.5369662195 243752.8583945932 12500.0 10829.407206894979 2727304.5369662195 420982.63221474516 12500.0
0 394505.9129419566 574669.1343757528 12500.0 10905.239451403022 2794505.9129419564 238808.53039617493 12500.0
0 186585.02365154406 373457.6963025822 12500.0 10814.20074605147 2586585.023651544 496573.1747450123 12500.0
0 201724.8962268663 378131.2403490382 12500.0 10845.058996144995 2601724.896226866 597592.3795019526 12500.0
0 246085.00621732793 492869.05120481545 12500.0 10865.125250599258 2646085.006217328 228906.2113949769 12500.0
0 114478.32944096485 445420.4911356351 12500.0 10812.869074907278 2514478.329440965 562617.725141289 12500.0
0 382641.15466416714 372342.7761259609 12500.0 10824.853171677725 2782641.154664167 209430.0617275504 12500.0
0 146479.82386949493 203382.47007194284 12500.0 10800.071193919379 2546479.8238694947 212096.8507712055 12500.0
0 221218.43056889338 210741.7205764694 12500.0 10800.038164355927 2621218.4305688934 204361.3821647786 12500.0
0 38009.515010904324 358859.8277548069 12500.0 10839.738795890164 2438009.5150109045 564932.7098790181 12500.0
0 101771.67176876286 522691.4899035119 12500.0 10807.37536018248 2501771.6717687626 433979.9513052963 12500.0
0 399569.374322562 531057.4466615488 12500.0 10873.193656213272 2799569.374322562 251168.55463944655 12500.0
0 182855.6006529866 536778.5825783405 12500.0 10801.103358154185 2582855.6006529867 502471.5062974365 12500.0
0 4423.9349991809 543892.6981058902 12500.0 10901.353060832726 2404423.934999181 214321.44224798807 12500.0
0 14462.171683166636 574465.4013968459 12500.0 10906.880821498582 2414462.1716831666 235983.00370190924 12500.0
0 328450.07230703905 441821.9424418963 12500.0 10814.366515684314 2728450.072307039 317989.4918086612 12500.0
0 327751.352218081 539015.1207404307 12500.0 10808.227514114966 2727751.3522180812 445316.8930612971 12500.0
0 80653.86833530907 508401.27691055025 12500.0 10825.391969006701 2480653.868335309 343730.0695005525 12500.0
0 111944.32092382139 203610.81021565132 12500.0 10810.096220394487 2511944.3209238215 307410.306916816 12500.0
0 38590.369489269215 540801.6131358364 12500.0 10895.435323642683 2438590.3694892693 221040.0590974814 12500.0
0 154614.2939704993 303218.3570385639 12500.0 10831.702712232709 2554614.293970499 487245.1460424573 12500.0
0 294392.405664966 393502.60044131725 12500.0 10814.344236893618 2694392.405664966 269766.2670577096 12500.0
0 138665.6653560829 458825.3613266145 12500.0 10803.080985393279 2538665.665356083 401494.2774061222 12500.0
0 310874.3827770997 371896.59929467156 12500.0 10800.024703414589 2710874.3827770995 366763.3411645484 12500.0
0 590.064039543492 403147.976331927 12500.0 10809.730822759475 2400590.0640395433 505050.9707550962 12500.0
0 22602.83630899105 381869.0598370158 12500.0 10804.999203711646 2422602.836308991 308836.7510018616 12500.0
0 301293.16870357766 233745.15600453448 12500.0 10800.805674228943 2701293.1687035775 204429.32582580225 12500.0
0 258865.07620512406 215190.99580097257 12500.0 10914.459423389435 2658865.076205124 565529.4215887077 12500.0
0 242775.31753648346 272161.89548704063 12500.0 10802.961591619742 2642775.3175364835 215952.78414297514 12500.0
0 395797.2372003971 501776.70339416753 12500.0 10808.17039046819 2795797.237200397 408404.43918724405 12500.0
0 44812.194348397716 200707.52304930188 12500.0 10875.936148155286 2444812.1943483977 485809.8091126729 12500.0
0 100248.03850047199 252540.10966105794 12500.0 10908.54831079868 2500248.038500472 593665.7878899166 12500.0
0 192899.55776505754 211552.99656969434 12500.0 10834.44516402077 2592899.5577650573 403386.51649405435 12500.0
0 327369.67222769867 572459.480553273 12500.0 10808.356089327715 2727369.672227699 478031.67712849285 12500.0
0 123251.17435727862 498039.7542031449 12500.0 10835.053052356483 2523251.1743572787 304518.1795128922 12500.0
0 115198.0276787337 485949.4753712683 12500.0 10829.545791628489 2515198.0276787337 308302.01577737386 12500.0
0 222937.78248606352 478500.695817932 12500.0 10804.359551340409 2622937.7824860634 546699.8647932467 12500.0
0 361356.9340808974 334585.08325480093 12500.0 10800.199580848102 2761356.9340808974 349175.77223835094 12500.0
0 283225.1021655385 324972.73165387666 12500.0 10808.381042942263 2683225.1021655384 230403.9848435851 12500.0
0 87067.85926913821 314490.11193697725 12500.0 10846.48724565217 2487067.8592691384 537409.6368167023 12500.0
0 155040.96454596982 458599.4773027369 12500.0 10801.459562341812 2555040.96454597 419140.99660427216 12500.0
0 139582.82933123218 585139.0325064653 12500.0 10854.55178085557 2539582.8293312322 343611.5514358079 12500.0
0 285329.9293625386 269701.8083413461 12500.0 10878.313060829474 2685329.9293625387 559247.6467911702 12500.0
0 372748.3715326662 376599.6512920049 12500.0 10821.044482350357 2772748.371532666 226701.95959676622 12500.0
0 154340.5144648395 575783.2410653041 12500.0 10849.27104029672 2554340.5144648394 346271.4558630652 12500.0
0 121579.3485433292 263991.984277622 12500.0 10801.535747589323 2521579.348543329 223516.71735940606 12500.0
0 364191.02535001887 293346.29517438647 12500.0 10803.418226749487 2764191.025350019 353734.08809626347 12500.0
