0 28222.144935400363 587060.2500591115 12500.0 10898.574520253936 2428222.1449354 262058.70601504148 12500.0
0 172865.97021230983 559586.2376305555 12500.0 10806.866181174857 2572865.9702123096 473992.69402356906 12500.0
0 9319.95036814599 308606.07550290844 12500.0 10848.10427697004 2409319.950368146 535377.9905031393 12500.0
0 280773.3105906653 548769.0272370374 12500.0 10813.199548908275 2680773.3105906653 430075.6293926035 12500.0
0 203842.71652661118 477018.8352612882 12500.0 10806.721984839034 2603842.7165266112 392329.1161472182 12500.0
0 105497.99351506607 279885.3481288207 12500.0 10801.351945619965 2505497.993515066 241909.4928051547 12500.0
0 58895.49230662428 413315.15756687836 12500.0 10800.676404385817 2458895.492306624 386454.0219754537 12500.0
0 215075.74246792297 540325.0596267433 12500.0 10838.50683083389 2615075.742467923 337477.39166704996 12500.0
0 318989.8625083293 241053.63747070223 12500.0 10810.796944081261 2718989.862508329 348396.5324109835 12500.0
0 389437.8917706225 471698.43521812727 12500.0 10803.380148812292 2789437.8917706227 411647.98739277985 12500.0
0 37769.361605977414 239687.98098247647 12500.0 10815.73246698999 2437769.3616059776 369277.7987316548 12500.0
0 395822.7278227022 396523.0476788145 12500.0 10836.812884569423 2795822.7278227024 594851.0582105463 12500.0
0 313256.81917672884 220383.5128527359 12500.0 10811.796718135534 2713256.819176729 332588.8524599121 12500.0
0 375470.1776294933 203764.63115297304 12500.0 10805.073876062883 2775470.177629493 277340.48171889264 12500.0
0 268718.39080394746 214862.99174786446 12500.0 10895.525280098786 2668718.3908039476 534775.8756668622 12500.0
0 286324.6046123072 371709.0453802049 12500.0 10819.516306803154 2686324.604612307 516056.5535678016 12500.0
0 138070.51075517078 287330.57708417356 12500.0 10844.47126170983 2538070.5107551706 505352.7694136875 12500.0
0 225361.55826899677 397228.5622961989 12500.0 10802.32769479257 2625361.558268997 347397.4273601405 12500.0
0 167963.11451052318 366117.1614366436 12500.0 10812.698841784153 2567963.114510523 249698.1135020679 12500.0
0 352810.27741212264 451251.60995520954 12500.0 10812.886116425496 2752810.2774121226 333976.75778111536 12500.0
0 231892.99771893444 568115.562784731 12500.0 10853.475568355625 2631892.9977189344 328988.3521647628 12500.0
0 17891.144702632024 538180.1737293063 12500.0 10801.139392765639 2417891.144702632 573042.9962308526 12500.0
0 212685.1453137962 311882.4273654667 12500.0 10857.620811885563 2612685.145313796 560128.5910065077 12500.0
0 107267.0515520521 502877.50888241077 12500.0 10811.922639927481 2507267.051552052 390074.57314956654 12500.0
0 80053.62327915573 542157.0161542399 12500.0 10800.385950105985 2480053.6232791557 562447.0991746527 12500.0
0 349582.3784601745 401865.09747244604 12500.0 10800.002701975016 2749582.3784601744 400167.42051760195 12500.0
0 9537.9751523049 239031.7323137765 12500.0 10853.200609885813 2409537.975152305 477541.8691095921 12500.0
0 45056.48297745219 262100.04548348297 12500.0 10846.29602743111 2445056.482977452 484559.64255512843 12500.0
0 61930.005226538844 414320.22350858693 12500.0 10800.192583600403 2461930.005226539 428652.85545896797 12500.0
0 374183.1636881363 297805.3828420852 12500.0 10805.53078995045 2774183.1636881363 374623.47888631944 12500.0
0 314815.91747609276 354222.661453124 12500.0 10814.928745278135 2714815.917476093 227988.74856663813 12500.0
0 128972.73723621784 212558.04281318974 12500.0 10801.095974034162 2528972.737236218 246750.12210461692 12500.0
0 153164.00392578728 211879.42270641224 12500.0 10858.252155138054 2553164.0039257873 461485.5187620931 12500.0
0 258765.36650974743 459883.1590059232 12500.0 10809.876821987269 2658765.366509747 562548.1196790026 12500.0
0 33647.90996394431 336364.7825525771 12500.0 10810.125489781627 2433647.9099639445 232414.86469051332 12500.0
0 289261.1225359609 420648.6587566878 12500.0 10800.03037442631 2689261.1225359607 414956.60871963314 12500.0
0 327773.517983494 474544.4329298464 12500.0 10845.398545392585 2727773.517983494 254256.2257054117 12500.0
0 179452.16692315528 492736.27369999647 12500.0 10865.924769125537 2579452.166923155 227153.18927882783 12500.0
0 281213.21944788395 232363.2916582653 12500.0 10803.941309559237 2681213.219447884 297207.95710628893 12500.0
0 230527.6307561563 573819.8935158689 12500.0 10875.140749979071 2630527.6307561565 290219.9029313794 12500.0
0 235613.9492189995 334089.41025225405 12500.0 10857.547547918079 2635613.9492189996 582177.2835036805 12500.0
0 76926.98741291757 502343.1529924991 12500.0 10816.792367289236 2476926.9874129174 368455.94838406425 12500.0
0 248103.9219705905 546056.4259497742 12500.0 10807.571095785828 2648103.9219705905 456175.02522739954 12500.0
0 303341.63205540256 283965.06224682 12500.0 10827.436510535486 2703341.6320554027 455145.62386349874 12500.0
0 84771.46090760762 434895.4501111887 12500.0 10823.879439407907 2484771.460907608 594581.2710974608 12500.0
0 288167.5072256893 374998.645149995 12500.0 10800.085982386172 2688167.5072256895 384575.4353396197 12500.0
0 267421.75916348974 478421.8824144225 12500.0 10825.337564965183 2667421.7591634896 313927.38621075463 12500.0
0 225219.16534702378 242163.7744446377 12500.0 10879.769181971156 2625219.165347024 534398.8779181724 12500.0
0 281015.24945548456 557525.3956076262 12500.0 10805.550626861546 2681015.2494554846 480569.62839645543 12500.0
0 244277.58715128395 510400.04053238715 12500.0 10800.001637154885 2644277.587151284 509078.5645868053 12500.0
0 267617.7962258917 354793.8137880077 12500.0 10805.237466047012 2667617.7962258914 429546.64028927556 12500.0
0 41837.29393101903 233948.2334961402 12500.0 10876.450139606946 2441837.293931019 520017.1744536357 12500.0
0 247549.30489982775 564511.4479798469 12500.0 10830.716559287104 2647549.3048998276 383373.5920655494 12500.0
0 249463.05993896036 553103.0457448813 12500.0 10915.774463631069 2649463.0599389602 200747.155170131 12500.0
0 210920.56616648484 457764.92270118184 12500.0 10805.864811940539 2610920.5661664847 536869.2713306025 12500.0
0 348827.2846388067 365225.4756380761 12500.0 10843.87898198003 2748827.2846388067 581788.0005619298 12500.0
0 44135.951002935944 303007.75587170594 12500.0 10800.336301537758 2444135.951002936 284067.6601644837 12500.0
0 163978.14823986386 262385.6613390042 12500.0 10805.42770251274 2563978.148239864 338484.30889264663 12500.0
0 291702.50602912076 438265.4206861344 12500.0 10822.906490719877 2691702.5060291206 281870.0832439568 12500.0
0 251716.6646584284 335467.70821959095 12500.0 10801.317795263018 2651716.664658428 297974.58834667446 12500.0
0 129453.36412426927 442953.9942096728 12500.0 10835.57686322537 2529453.364124269 247989.48856193607 12500.0
0 370010.6359857558 382387.3496261246 12500.0 10814.35422604739 2770010.635985756 506166.7883600574 12500.0
0 49736.751701428926 501058.8476194293 12500.0 10823.878640035522 2449736.751701429 341375.7023757187 12500.0
0 42168.79124270076 510087.8941970555 12500.0 10840.52168063203 2442168.7912427005 301991.2513763698 12500.0
0 347101.4981778157 327532.8212489042 12500.0 10821.130988586883 2747101.4981778157 477738.5850013662 12500.0
0 215190.5285395793 339667.23510218825 12500.0 10802.709338139593 2615190.5285395794 393428.9610483567 12500.0
0 211535.69453733557 508628.5380579706 12500.0 10802.26545400146 2611535.6945373355 459468.2114292686 12500.0
0 98963.97063423184 399432.7355954147 12500.0 10804.158924180665 2498963.970634232 466043.84539161855 12500.0
0 194932.21563093105 567613.9003665571 12500.0 10875.962268576683 2594932.215630931 282462.41214538855 12500.0
0 58935.28044213921 548940.201228266 12500.0 10800.01479735037 2458935.280442139 544967.3116994413 12500.0
0 209411.31938579193 320051.66539032233 12500.0 10800.2420222743 2609411.319385792 336119.02314353274 12500.0
0 395383.26029304106 290925.0151593226 12500.0 10885.02645545275 2795383.260293041 592673.0856907591 12500.0
0 958.0182803754944 229874.84165752222 12500.0 10820.241567603105 2400958.0182803753 376882.4556849251 12500.0
0 325089.07273241977 304900.06389134814 12500.0 10857.265496947066 2725089.0727324197 552377.6170519987 12500.0
0 251748.65938585208 501443.3728126517 12500.0 10828.417905957287 2651748.659385852 327224.2194870105 12500.0
0 346451.28221462073 330315.4137193489 12500.0 10800.026086094436 2746451.2822146206 335590.37352989166 12500.0
0 366276.36325716047 397099.0654178621 12500.0 10829.36120727007 2766276.3632571604 574189.9826446978 12500.0
0 383220.9621524772 537734.1692461881 12500.0 10805.534811612368 2783220.9621524774 460888.14234688575 12500.0
0 314816.3227803217 592445.1601646129 12500.0 10813.713462201325 2714816.322780322 471461.7733662843 12500.0
0 362490.48550457176 334949.2347341839 12500.0 10813.144587204262 2762490.485504572 453395.11001944396 12500.0
0 108144.81931849294 561309.1956848315 12500.0 10854.52175167766 2508144.819318493 319848.36813375476 12500.0
0 282522.37598013895 447009.30749964784 12500.0 10832.003253355499 2682522.375980139 262111.00636314537 12500.0
0 328695.03581493674 521885.27826461464 12500.0 10803.411451826405 2728695.0358149367 582213.1877625486 12500.0
0 253377.4982168508 552265.0236300061 12500.0 10829.99827318295 2653377.4982168507 373260.56170262996 12500.0
0 363457.42279611615 544867.4972037121 12500.0 10848.786462318907 2763457.422796116 316489.67455832846 12500.0
0 230756.18930175295 588413.3653975107 12500.0 10800.581831174599 2630756.189301753 563500.7855033997 12500.0
0 270140.35852777096 562736.4057710391 12500.0 10849.283789874084 2670140.358527771 333194.8601918315 12500.0
0 386208.77701401286 322689.2360737315 12500.0 10804.77323297079 2786208.777014013 394051.50639763207 12500.0
0 19064.320353230047 444006.62468264025 12500.0 10813.222138701673 2419064.32035323 325211.6418505684 12500.0
0 82320.42216394145 468958.63336483366 12500.0 10803.064441440676 2482320.4221639414 526135.5629780715 12500.0
0 349840.6041344669 389552.31815841404 12500.0 10806.372175994617 2749840.604134467 472008.3239697077 12500.0
0 6185.238017623096 507554.08054584946 12500.0 10801.32074706574 2406185.2380176233 545089.1709545634 12500.0
0 259036.28690588233 211222.372044209 12500.0 10910.232693956297 2659036.2869058824 554997.8827939645 12500.0
0 24957.53794089639 315218.06738394743 12500.0 10850.961974259162 2424957.5379408966 548644.0560582129 12500.0
0 392935.2562094375 575900.4186101437 12500.0 10871.329022994112 2792935.2562094377 299611.5443602406 12500.0
0 281712.7383909919 238875.6606920742 12500.0 10811.743424224416 2681712.738390992 350827.1209100336 12500.0
0 46724.44946881131 552414.7727355252 12500.0 10870.006459774902 2446724.4494688115 278707.6718701918 12500.0
0 305218.64232871146 400636.7645251368 12500.0 10810.8370782991 2705218.642328711 508179.0808651922 12500.0
0 116882.2525187085 406636.4471503863 12500.0 10823.051305939183 2516882.2525187084 563525.8980451723 12500.0
0 209252.59516875262 343118.1324613848 12500.0 10853.364220061214 2609252.5951687526 581995.6405422256 12500.0
0 263644.9713843382 567969.4427288953 12500.0 10819.814708831029 2663644.971384338 422521.5888623513 12500.0
0 118235.65460174202 464691.4395160566 12500.0 10800.261576857763 2518235.654601742 481395.2921805142 12500.0
0 246737.56129569368 562394.704923118 12500.0 10800.028619454426 2646737.5612956937 567919.8708484842 12500.0
0 325857.9272716616 300107.3757513466 12500.0 10840.458602982419 2725857.9272716613 508041.68671950884 12500.0
0 248231.3288703476 368221.6231555298 12500.0 10800.306516894885 2648231.3288703477 350139.69864012074 12500.0
0 161637.29648290112 581683.7901638213 12500.0 10888.755326128588 2561637.296482901 273363.56603459705 12500.0
0 394378.726239053 500584.9518627276 12500.0 10866.438486906562 2794378.726239053 233965.93855350415 12500.0
0 366120.9312735528 514162.6308364371 12500.0 10871.491541750924 2766120.9312735526 237558.1449759977 12500.0
0 236755.15005738146 543072.2087625944 12500.0 10822.135177283086 2636755.1500573815 389335.2528147857 12500.0
0 8954.361432155089 466207.07918932306 12500.0 10802.341010830367 2408954.361432155 516180.56068423484 12500.0
0 265491.2884504879 433810.19909259584 12500.0 10847.035143086106 2665491.288450488 209578.0227531451 12500.0
0 63278.80831570902 264275.2841597795 12500.0 10831.92120677541 2463278.8083157092 448936.071576669 12500.0
0 374558.0271801354 277827.610849684 12500.0 10887.155699806402 2774558.0271801353 583345.5262547105 12500.0
0 103152.06537673762 254938.57615284892 12500.0 10886.177192200876 2503152.0653767376 558729.7536183976 12500.0
0 16109.978583432572 464545.9245726864 12500.0 10805.09495238396 2416109.9785834327 390817.38342730416 12500.0
0 370528.39049495774 311769.93132757704 12500.0 10813.523560746333 2770528.3904949576 431912.1924370528 12500.0
0 224154.6668867363 379012.84565923136 12500.0 10800.33172706538 2624154.666886736 397823.6839522719 12500.0
0 111561.1322598852 578386.094135064 12500.0 10800.04020754905 2511561.1322598853 571837.1910091294 12500.0
0 281361.7633775581 420042.62875981216 12500.0 10809.613647638136 2681361.763377558 521329.9504786313 12500.0
0 95508.31001453966 548341.9163020145 12500.0 10841.585067648355 2495508.31001454 337527.2965433516 12500.0
0 398708.2612231994 350889.3143239332 12500.0 10805.905906064276 2798708.2612231993 271508.2360316 12500.0
0 399624.76208163606 443345.8861754243 12500.0 10800.001232725235 2799624.762081636 444492.5801165072 12500.0
0 44115.73633520627 567231.2629792524 12500.0 10857.975928030806 2444115.7363352063 318219.2642900679 12500.0
0 240986.85217212702 554417.6435058917 12500.0 10812.042174432463 2640986.852172127 441050.33232337266 12500.0
0 319990.5970319415 203079.96571501895 12500.0 10801.081958004073 2719990.5970319416 237052.69517146645 12500.0
0 44143.93096161491 452808.1388634663 12500.0 10800.138485508935 2444143.930961615 440654.1755892164 12500.0
0 294072.4563785748 473501.38034440414 12500.0 10851.437884290632 2694072.456378575 238985.41899148907 12500.0
0 115177.55628008049 385702.67747333593 12500.0 10800.835096310888 2515177.5562800807 415549.014553227 12500.0
0 171131.49771243762 311280.5462165241 12500.0 10800.034649660402 2571131.4977124375 317359.9949622692 12500.0
0 188065.00151187292 421135.96288335347 12500.0 10800.685009442785 2588065.0015118727 448167.42439054727 12500.0
0 76244.9736031122 596999.7031039073 12500.0 10846.028237854021 2476244.973603112 375185.79641336034 12500.0
0 218368.2457624813 282745.30202954164 12500.0 10801.16024601251 2618368.2457624814 247564.87815133372 12500.0
0 197044.72283854027 288320.68112678366 12500.0 10839.925589412123 2597044.72283854 494878.21312279766 12500.0
0 234359.80457374614 502360.54092690843 12500.0 10869.558830050253 2634359.804573746 229532.7193193378 12500.0
0 337633.83344365424 483710.58191996446 12500.0 10814.156295306095 2737633.8334436542 360788.0670693218 12500.0
0 302186.0034322918 317262.2954637811 12500.0 10823.29316028299 2702186.0034322916 474973.52296652674 12500.0
0 367707.66901476623 333861.6483105934 12500.0 10805.34334046104 2767707.6690147663 409366.4368908986 12500.0
0 180438.47560139702 289320.8716421759 12500.0 10826.78255985668 2580438.475601397 458446.52416588436 12500.0
0 31435.945706942326 330398.22790571157 12500.0 10828.030935685047 2431435.945706942 503425.5852163281 12500.0
0 57738.82769911767 338728.9692383268 12500.0 10819.747901998055 2457738.827699118 483931.19735973614 12500.0
0 207447.16942649605 560833.0125921028 12500.0 10807.448255317477 2607447.169426496 471684.00669421244 12500.0
0 63984.64137204547 373486.31444604765 12500.0 10835.686357774139 2463984.6413720455 568751.1038421539 12500.0
0 380513.1522872741 296597.6166339889 12500.0 10860.913919164066 2780513.152287274 551858.4282565559 12500.0
0 270800.66295369336 330783.2511256911 12500.0 10803.192223562186 2670800.6629536934 272426.23191982333 12500.0
0 82291.24687070692 280113.3841195735 12500.0 10803.237916591292 2482291.246870707 221340.12973545652 12500.0
0 136666.17508740383 418729.0508804532 12500.0 10804.388238395575 2536666.175087404 487152.28207384504 12500.0
0 312423.65301032766 426643.10989006626 12500.0 10804.05489610667 2712423.653010328 360870.51321478985 12500.0
0 285752.86553742015 484454.47458993254 12500.0 10831.391908202932 2685752.86553742 301333.29510892 12500.0
0 350671.80611122 557102.3362833804 12500.0 10837.414883235202 2750671.80611122 357156.4977691612 12500.0
0 37815.219178575135 563647.4777320587 12500.0 10806.914614944983 2437815.219178575 477752.4816256338 12500.0
0 132874.03275412734 427407.63633038464 12500.0 10800.114373102291 2532874.0327541274 416362.33770318946 12500.0
0 346309.0732744742 567323.9584108401 12500.0 10807.003057801165 2746309.073274474 480881.20169389015 12500.0
0 288335.1357830853 557593.2843266089 12500.0 10888.511656545154 2688335.135783085 249698.3130791204 12500.0
0 113337.7346866136 541354.0357515379 12500.0 10800.014777379678 2513337.7346866135 537383.8280607659 12500.0
0 329705.9947680555 259853.8857198794 12500.0 10821.506329048207 2729705.9947680556 411389.11238357885 12500.0
0 158974.91521667675 434701.23205866996 12500.0 10824.127013502093 2558974.915216677 595213.6221693704 12500.0
0 11086.216642985348 568630.7901520459 12500.0 10868.742614122544 2411086.216642985 297413.50565574045 12500.0
0 12316.76477673851 338551.8905799119 12500.0 10800.19800782892 2412316.7647767384 353084.9662007389 12500.0
0 375821.58209873986 460291.64472830837 12500.0 10815.001329490718 2775821.5820987397 333751.0140824682 12500.0
0 195658.69778496685 468739.2107836654 12500.0 10800.259204245296 2595658.697784967 485367.13447196485 12500.0
0 168978.1635953218 260622.83672131298 12500.0 10852.864104244212 2568978.1635953216 498375.61476249323 12500.0
0 384917.928119459 336949.008672903 12500.0 10801.631073893615 2784917.928119459 295236.3783186503 12500.0
0 76482.02787789758 535553.8212168011 12500.0 10843.488061143536 2476482.0278778975 319960.0866640763 12500.0
0 55401.81331624683 454727.5468384953 12500.0 10813.181643013688 2455401.813316247 573340.3612542063 12500.0
0 142799.00782131648 460247.51143409795 12500.0 10828.337616759572 2542799.0078213164 286274.96605779557 12500.0
0 112771.90783157569 368734.61385934066 12500.0 10802.942512569502 2512771.9078315757 312706.87386861996 12500.0
0 150533.53101011342 236405.3006091538 12500.0 10800.700351771158 2550533.5310101137 209072.79045928008 12500.0
0 140994.89902369963 532577.776774651 12500.0 10893.462140809926 2540994.8990236996 216153.50984153777 12500.0
0 82183.62944700659 265798.3374049371 12500.0 10844.612094560982 2482183.6294470066 484166.18669795 12500.0
0 243674.21217218981 350880.23207560665 12500.0 10812.989005941605 2643674.2121721897 468622.6256311888 12500.0
0 161620.1747323089 552583.3411199296 12500.0 10800.5761507058 2561620.174732309 527792.6746216825 12500.0
0 196084.9174104109 320355.0964967864 12500.0 10802.553169393872 2596084.917410411 268165.99230231333 12500.0
0 291669.3410019881 324587.9127490067 12500.0 10800.197475505478 2691669.341001988 310074.3857850009 12500.0
0 228557.72171640204 551168.0234801482 12500.0 10836.821533685248 2628557.721716402 352816.67628149467 12500.0
0 140539.45308148002 475694.8138064019 12500.0 10811.05114810304 2540539.45308148 367094.98730537115 12500.0
0 48802.96074391039 278470.3351957958 12500.0 10860.066445825329 2448802.96074391 531944.2930215669 12500.0
0 368264.2706393574 451197.13945111516 12500.0 10851.980106094166 2768264.270639357 215445.41578187692 12500.0
0 303861.25345860433 249821.50634274722 12500.0 10801.532338329464 2703861.253458604 209391.19380731235 12500.0
0 92926.58787264564 362152.258035271 12500.0 10805.76707136343 2492926.587872646 283710.01678127615 12500.0
0 162151.3500511813 279289.5566594375 12500.0 10802.049486637234 2562151.3500511814 232531.38617925905 12500.0
0 377765.66995339136 348095.7551238242 12500.0 10810.517916356934 2777765.6699533914 242149.66590411065 12500.0
0 40353.588860372234 566812.310496397 12500.0 10800.651730934 2440353.588860372 593178.968198894 12500.0
0 270764.37063430063 222846.70050580148 12500.0 10811.85144053058 2670764.3706343006 335312.12940043316 12500.0
0 110218.93384563382 279403.2634901415 12500.0 10800.021220866756 2510218.9338456336 274645.5735627437 12500.0
0 153963.9139594297 373899.4661019338 12500.0 10810.918879580011 2553963.9139594296 481847.1033531715 12500.0
0 277078.51324923494 309909.0639217578 12500.0 10800.189006422945 2677078.5132492348 324107.9587823853 12500.0
0 332772.61865437997 459457.713309423 12500.0 10803.386376952289 2732772.61865438 399351.95888870076 12500.0
0 351396.80195538845 516748.50647341926 12500.0 10800.535920406941 2751396.8019553884 492839.0393669839 12500.0
0 72681.50304025838 261659.77542890282 12500.0 10801.56388436544 2472681.5030402583 302504.16427412326 12500.0
0 23137.60406727825 511338.3290747185 12500.0 10854.126217492152 2423137.604067278 270757.1454000653 12500.0
0 143860.40903236924 383302.26987585955 12500.0 10800.625251289997 2543860.409032369 409127.722727085 12500.0
0 250466.89155435763 577844.374157859 12500.0 10849.853674969538 2650466.8915543575 346976.47133125144 12500.0
0 144570.23457270756 308788.2794270042 12500.0 10803.112799782548 2544570.2345727077 366414.64720243943 12500.0
0 180068.632725926 489779.845710145 12500.0 10800.281661423613 2580068.632725926 507113.13072890893 12500.0
0 172912.69106128206 312547.2411896531 12500.0 10810.20986069432 2572912.691061282 416929.5471148304 12500.0
0 34625.048523011246 392473.0354296721 12500.0 10821.42521251927 2434625.048523011 543721.9317868762 12500.0
0 185464.2850433387 442253.21655500965 12500.0 10820.349357620487 2585464.285043339 589652.0994021938 12500.0
0 10355.299396602513 495305.02426238847 12500.0 10800.358291292494 2410355.2993966024 475755.5046250609 12500.0
0 362583.2789269985 361383.0536205317 12500.0 10811.28466352981 2762583.2789269984 251641.2520763309 12500.0
0 89622.74474159848 292851.0217017017 12500.0 10801.070487935445 2489622.7447415986 326643.1862913711 12500.0
0 285562.5191978098 205207.99255251774 12500.0 10887.838080385569 2685562.51919781 511924.41884516616 12500.0
0 58629.36072130607 259313.08074341767 12500.0 10818.826189126668 2458629.360721306 401083.2147298155 12500.0
0 39247.983798388654 492019.00401913666 12500.0 10818.48199268932 2439247.983798389 351551.947797367 12500.0
0 263580.78399403626 210533.64891306535 12500.0 10820.867068771375 2663580.7839940363 359797.5415015183 12500.0
0 113655.66441816006 581648.2080500661 12500.0 10822.144946651555 2513655.66441816 427877.2951757105 12500.0
0 62244.62841761173 333683.7614017577 12500.0 10810.490324690825 2462244.6284176116 227876.7952528858 12500.0
0 15431.561214451684 436740.24522814323 12500.0 10840.360396907461 2415431.5612144517 229058.92063520596 12500.0
0 189023.42139973154 546974.7455747564 12500.0 10899.26628790859 2589023.4213997317 220829.61278643028 12500.0
0 235075.01482276537 453850.7992416969 12500.0 10800.913570421939 2635075.0148227653 422633.5550954306 12500.0
0 386873.81431639346 335331.75630623323 12500.0 10803.501669178906 2786873.8143163933 396452.2872777772 12500.0
0 179620.72088876728 499409.1642198135 12500.0 10832.37720177172 2579620.7208887674 313432.15230390226 12500.0
0 300891.89997679106 449372.9883689614 12500.0 10822.499702728941 2700891.899976791 294374.0133714707 12500.0
0 153969.289446553 485371.5951332836 12500.0 10868.93044885095 2553969.289446553 213782.84448357378 12500.0
0 83897.4364530221 369069.21498908335 12500.0 10807.826695232645 2483897.436453022 460455.7564471924 12500.0
0 101690.31081501632 232699.54332823417 12500.0 10822.781506651432 2501690.3108150163 388667.17857749277 12500.0
0 251995.1906622111 202849.68065405043 12500.0 10863.400434688676 2651995.1906622113 463283.22274612216 12500.0
0 214235.38653159692 541424.2743837731 12500.0 10813.366260905448 2614235.386531597 421983.21138496517 12500.0
0 300056.3283149984 208124.2348738092 12500.0 10804.212183546073 2700056.328314998 275160.5828861785 12500.0
0 158415.8859259325 325680.75185020006 12500.0 10800.005760441356 2558415.8859259323 328159.5564854856 12500.0
0 272064.91486137814 417798.9888942154 12500.0 10806.69410787933 2672064.9148613783 333285.11647786974 12500.0
0 41342.26252247628 367839.5478031082 12500.0 10807.43797556932 2441342.2625224763 278752.104069393 12500.0
0 178717.1985452092 504282.05052254593 12500.0 10813.670609018172 2578717.198545209 383487.9618062013 12500.0
0 398525.60997459857 225936.37892531796 12500.0 10878.588818769329 2798525.6099745985 515993.3922952595 12500.0
0 325971.94701771904 274042.22294599697 12500.0 10844.211476328606 2725971.947017719 491425.3737164004 12500.0
0 179269.89052651892 224253.15059020265 12500.0 10885.17380710042 2579269.890526519 526263.6001506536 12500.0
0 317466.79914911266 557037.3773194598 12500.0 10801.764322383431 2717466.799149113 513654.2285652265 12500.0
0 357975.83170520223 501780.1200150309 12500.0 10805.378496659334 2757975.8317052023 577532.9526860085 12500.0
0 290390.32373115764 504767.9258483052 12500.0 10802.144088274 2690390.3237311575 552593.1755629645 12500.0
0 328408.42663502484 577303.4213096445 12500.0 10811.308440606203 2728408.426635025 467446.0057689524 12500.0
0 293917.69639591494 513156.06286987074 12500.0 10806.603483250621 2693917.696395915 597095.7367410656 12500.0
0 184534.06247994787 425350.44397281326 12500.0 10800.000395750807 2584534.0624799477 426000.16252953204 12500.0
0 242387.38989444036 430300.85797648743 12500.0 10813.929708472793 2642387.3898944403 308366.70456805156 12500.0
0 18830.158339236823 224819.1930998189 12500.0 10918.484539487117 2418830.158339237 581297.4845808622 12500.0
0 218967.15402224922 354456.37054058386 12500.0 10805.502884469382 2618967.1540222494 431080.38001838105 12500.0
0 97734.42601192181 215988.42592800426 12500.0 10855.587852236828 2497734.426011922 459804.54948276764 12500.0
0 262008.73734967533 307723.6199819037 12500.0 10800.185350445683 2662008.7373496755 321784.5174851405 12500.0
0 395394.07185016037 249552.47286729404 12500.0 10847.802976735646 2795394.07185016 475611.5083201262 12500.0
0 175115.22391607842 496911.2558194295 12500.0 10812.139213129121 2575115.2239160785 383087.8352685704 12500.0
0 274127.0286528895 582379.315454408 12500.0 10930.370682548859 2674127.0286528897 208345.36585488656 12500.0
0 296074.71730291133 282824.732606087 12500.0 10800.883982868227 2696074.7173029114 313532.28295390663 12500.0
0 78665.98627073858 297994.9361179347 12500.0 10800.49904846941 2478665.9862707388 321067.22829070105 12500.0
0 17363.877709209773 545219.3125954808 12500.0 10831.290358895836 2417363.87770921 362394.99042855296 12500.0
0 160662.22094905877 377406.92559410946 12500.0 10801.172290553923 2560662.220949059 412769.49227787316 12500.0
0 166090.04284436017 539831.4455286212 12500.0 10810.129642938815 2566090.04284436 435860.2013691266 12500.0
0 215425.08939763013 531126.5666911597 12500.0 10877.758397605745 2615425.08939763 242611.6158251757 12500.0
0 322374.22149949253 255265.48050192482 12500.0 10835.287978939694 2722374.2214994924 449435.5200917703 12500.0
0 17928.196522207563 242810.4619900614 12500.0 10841.999197249223 2417928.1965222075 454674.21895126987 12500.0
0 341567.11430755677 327344.7121046468 12500.0 10808.288547219878 2741567.1143075568 421389.9651899003 12500.0
0 155194.28712980324 311143.26279359864 12500.0 10803.746773518564 2555194.287129803 247919.44078189632 12500.0
0 293644.43476871564 236842.85817200603 12500.0 10801.195786277287 2693644.434768716 272558.06466760737 12500.0
0 332076.0954553783 566638.8747750358 12500.0 10808.603002657519 2732076.0954553783 470825.561167013 12500.0
0 353149.0548305791 480362.120964253 12500.0 10803.951789668074 2753149.054830579 545292.9572809768 12500.0
0 111404.31291108958 435764.8640291524 12500.0 10807.521788770739 2511404.3129110895 525353.0066402453 12500.0
0 132371.19982639997 256827.25483631916 12500.0 10800.846495327696 2532371.1998264 226777.8998525367 12500.0
0 72677.936064597 288143.6084622736 12500.0 10863.818352306653 2472677.936064597 549436.6129010321 12500.0
0 257323.01834534935 324023.5478179258 12500.0 10853.84252789756 2657323.0183453495 563971.8571071328 12500.0
0 229261.48532793284 220716.70956754943 12500.0 10800.198078011457 2629261.485327933 206181.05857603997 12500.0
0 328438.2433292245 374284.40799659304 12500.0 10800.087505871606 2728438.2433292246 364623.14645795926 12500.0
0 125910.58151287715 274473.50710275257 12500.0 10800.663258229113 2525910.5815128773 301072.32603166037 12500.0
0 336424.2293314007 275503.6160358895 12500.0 10802.15023678479 2736424.2293314007 323397.3966933375 12500.0
0 225023.7002900327 352663.07644820237 12500.0 10800.389277119615 2625023.7002900327 373040.4268864561 12500.0
0 293602.02609459363 254849.5295226851 12500.0 10801.36759240032 2693602.0260945936 216654.53524403926 12500.0
0 149313.7372545674 251589.78555353623 12500.0 10800.528448240237 2549313.7372545674 227847.58865821414 12500.0
0 208133.0766225984 469517.4300477581 12500.0 10835.930509697859 2608133.0766225983 273584.71156285144 12500.0
0 17203.17476607218 306261.49737961707 12500.0 10822.286256292738 2417203.174766072 460522.7497483036 12500.0
0 361873.00253831357 545728.4222006708 12500.0 10829.550477704213 2761873.0025383136 368066.8561362257 12500.0
0 280989.52095048985 349192.076239296 12500.0 10803.124300005904 2680989.5209504897 291459.3410708566 12500.0
0 152509.96985850556 297315.6641046021 12500.0 10800.87284595048 2552509.9698585058 266802.17031527037 12500.0
0 251946.17548089902 309736.982506187 12500.0 10803.270335188812 2651946.175480899 368803.77256148495 12500.0
0 245347.61971141648 201648.4793667593 12500.0 10819.016780946149 2645347.6197114163 344135.05770707 12500.0
0 152906.50976214546 345309.4396303425 12500.0 10813.437817912169 2552906.5097621456 465069.9912370401 12500.0
0 220509.20546541354 565619.9573578342 12500.0 10839.65168615401 2620509.2054654136 359773.47528970166 12500.0
0 237691.37246189694 433211.6509105303 12500.0 10805.597991501705 2637691.372461897 510495.14505031775 12500.0
0 165422.3378621889 212606.54072734405 12500.0 10822.658828477446 2565422.337862189 368153.225811066 12500.0
0 145229.62487835542 585845.1259053062 12500.0 10879.138685158608 2545229.6248783553 294771.4615695286 12500.0
0 242091.71743873393 264157.29138185026 12500.0 10800.961219044837 2642091.717438734 296178.3148080258 12500.0
0 85518.0854156342 478287.4481400703 12500.0 10802.348056123014 2485518.0854156343 428238.8171603303 12500.0
0 91054.01110816734 559873.4751302369 12500.0 10800.923223218862 2491054.0111081675 528491.7364216574 12500.0
0 293525.18725204084 440438.02062203275 12500.0 10850.353001070014 2693525.187252041 208414.15554159167 12500.0
0 336718.7618307893 357336.95557940414 12500.0 10804.564787879846 2736718.7618307895 427123.315806402 12500.0
0 151820.43764824292 280725.85729278246 12500.0 10802.900763465306 2551820.437648243 225097.05878275543 12500.0
0 222850.49216057366 271413.7620143827 12500.0 10827.64261700974 2622850.4921605736 443236.90417515644 12500.0
0 19069.350055249946 344352.81235415756 12500.0 10814.553068865464 2419069.35005525 219718.41777754904 12500.0
0 21192.61417803542 440021.0109001235 12500.0 10800.045473867001 2421192.6141780354 446985.60423007584 12500.0
0 212457.12632853552 569741.905121085 12500.0 10863.350587345773 2612457.1263285354 309411.0630420744 12500.0
0 256030.16319244122 257585.64141870942 12500.0 10857.312590211404 2656030.163192441 505165.2015518231 12500.0
0 21824.53386020802 357737.3579575859 12500.0 10801.951917352042 2421824.533860208 312105.8631021824 12500.0
0 356626.52766084735 537199.6820181032 12500.0 10803.153368675203 2756626.527660847 479198.9552800529 12500.0
0 307813.8313907957 402386.00205127127 12500.0 10800.010647231435 2707813.8313907958 399015.9794310755 12500.0
0 202399.67079157944 482504.54618627304 12500.0 10827.537798526384 2602399.6707915794 311007.89848227723 12500.0
0 174203.09198701696 544973.0162010491 12500.0 10818.182603000449 2574203.091987017 405649.2823723213 12500.0
0 57983.81006321125 251017.0386624681 12500.0 10892.307290368446 2457983.8100632112 565471.9350583378 12500.0
0 15175.96460921533 558676.6692041447 12500.0 10812.955989876644 2415175.9646092155 441084.1022497491 12500.0
0 295912.8445765932 363241.53965526 12500.0 10823.458764055613 2695912.844576593 204970.07147444028 12500.0
0 214940.87712819877 272412.3995319917 12500.0 10887.104303885339 2614940.8771281987 577839.8574225914 12500.0
0 257598.61117445846 309941.8655569043 12500.0 10823.043132132558 2657598.6111744586 466803.4684724071 12500.0
0 282309.4645388693 407305.3471600847 12500.0 10805.049991746417 2682309.4645388694 480707.7806445715 12500.0
0 290987.2827005925 500798.7717251004 12500.0 10813.966042169523 2690987.2827005927 378705.59516414773 12500.0
0 81782.02906951304 467422.4601033503 12500.0 10800.050261494887 2481782.029069513 460100.41216817434 12500.0
0 260450.05212145761 567280.4223616769 12500.0 10845.280233079906 2660450.0521214576 347280.0481719021 12500.0
0 149906.5456737067 230074.03825124344 12500.0 10818.552623288457 2549906.5456737066 370809.4721814886 12500.0
0 51341.24688349373 265769.0405093014 12500.0 10903.314832487667 2451341.246883494 598529.6103738385 12500.0
0 284411.0242143645 536613.2899839977 12500.0 10814.775615065833 2684411.0242143646 411028.90701557015 12500.0
0 247221.739284099 241037.43812346217 12500.0 10904.64420959673 2647221.739284099 575942.2772254082 12500.0
0 209528.50462615862 368484.3523233729 12500.0 10821.51739094426 2609528.5046261586 520058.58423046407 12500.0
0 376702.1929099701 299899.31163850735 12500.0 10806.12172061429 2776702.19290997 380718.15821572946 12500.0
0 87649.57648589938 584293.2029151459 12500.0 10804.797214454447 2487649.5764858993 512751.8497757461 12500.0
0 188816.42121452096 511982.23363035533 12500.0 10806.943708979525 2588816.421214521 598057.8045190162 12500.0
0 204692.2424318142 277417.1918159813 12500.0 10891.086083066744 2604692.2424318143 589776.2815299173 12500.0
0 207919.98025849336 551689.581809052 12500.0 10841.656905201042 2607919.980258493 340692.60095259803 12500.0
0 50711.76654020082 420523.57735909196 12500.0 10811.748008273653 2450711.766540201 308550.2572543799 12500.0
0 293788.22977602883 325086.12256875844 12500.0 10802.703049110636 2693788.229776029 271386.8376737501 12500.0
0 391778.19774296094 473077.60410976334 12500.0 10856.924217559132 2791778.197742961 226340.53049215517 12500.0
0 284505.81878158374 241305.19445451596 12500.0 10815.9521502221 2684505.8187815836 371797.3144368491 12500.0
0 289434.607139863 241039.80641404662 12500.0 10839.887535310621 2689434.607139863 447498.69577624113 12500.0
0 335830.4927534131 285148.7753458439 12500.0 10835.600004054797 2735830.492753413 480176.7819287956 12500.0
0 174430.94477433548 438477.66169968166 12500.0 10802.386861004888 2574430.9447743353 488938.20480438526 12500.0
0 187865.03033260276 433486.5234464853 12500.0 10805.707963837762 2587865.0303326026 511525.63986384525 12500.0
0 374672.58012874395 498084.54957505275 12500.0 10800.707643930138 2774672.580128744 470610.10834263917 12500.0
0 126560.27687002652 568577.2002502207 12500.0 10848.70768800642 2526560.2768700267 340384.2453152462 12500.0
0 333281.1827399157 423970.5497531215 12500.0 10801.414408599765 2733281.182739916 385127.25819469383 12500.0
0 287818.2509689594 350977.3373550367 12500.0 10835.455575550573 2687818.250968959 545608.6798794129 12500.0
0 57065.79129803155 321232.6374117115 12500.0 10804.047614492592 2457065.7912980313 255519.1341962914 12500.0
0 320323.7215254318 265939.22425897646 12500.0 10903.44616392431 2720323.7215254316 598912.2331822149 12500.0
0 3539.7818150616267 354103.24412169354 12500.0 10854.163057234904 2403539.781815062 594766.4915625685 12500.0
0 259151.49976414803 225844.1035347417 12500.0 10820.86804470486 2659151.499764148 375111.4899182635 12500.0
0 67106.4792545676 411031.5218152916 12500.0 10800.075042377248 2467106.4792545675 419978.3358006608 12500.0
0 347504.3134491494 494633.5419019249 12500.0 10827.501512359482 2747504.3134491495 323250.0645665956 12500.0
0 379815.9222714564 326042.1867154715 12500.0 10802.7706683502 2779815.9222714566 380409.0761341115 12500.0
0 115542.51986471406 255153.91304867147 12500.0 10829.3182505651 2515542.5198647142 432115.0613301631 12500.0
0 97411.8195824445 497885.9304401297 12500.0 10804.667748342801 2497411.8195824446 427316.76217183645 12500.0
0 329200.4381795934 244703.43564665437 12500.0 10808.51523565525 2729200.4381795935 340026.5636659906 12500.0
0 304545.5508979197 433529.64165472286 12500.0 10800.197168694564 2704545.5508979196 419027.39376075077 12500.0
0 384611.70923368016 225982.17405572347 12500.0 10800.065064995482 2784611.7092336803 234313.01260336098 12500.0
0 185175.69402532716 416737.37206413026 12500.0 10801.838704214899 2585175.694025327 372449.0953916466 12500.0
0 281580.35778860125 332654.30213966145 12500.0 10809.192181309263 2681580.3577886014 233613.06805879014 12500.0
0 339345.43621328275 241147.6467760564 12500.0 10918.005426205405 2739345.436213283 596900.5424741308 12500.0
0 250735.79362879664 450320.0778759426 12500.0 10838.749756846844 2650735.7936287965 246832.4264718504 12500.0
0 138898.94000811514 443883.59828367044 12500.0 10800.020269420025 2538898.940008115 439233.7880742495 12500.0
0 209894.09307863665 555901.8672452569 12500.0 10800.601353989246 2609894.0930786366 581228.9695923975 12500.0
0 262932.5763428256 484591.45914353227 12500.0 10843.2086531947 2662932.576342826 269692.81559652556 12500.0
0 172331.12637410822 468547.4907312535 12500.0 10807.769558838298 2572331.1263741083 377495.25041419175 12500.0
0 174825.38717693265 313066.259418096 12500.0 10818.46928760363 2574825.3871769328 453484.9854077013 12500.0
0 54445.85888441114 295853.7817752081 12500.0 10802.190870662822 2454445.858884411 247509.5397208257 12500.0
0 287531.866264117 502319.5246876403 12500.0 10852.749411656496 2687531.866264117 264825.4268053787 12500.0
0 16767.563184418766 523923.05130326434 12500.0 10841.96025849453 2416767.5631844187 312157.72034399956 12500.0
0 216329.30195462814 355241.2440960901 12500.0 10834.118462147107 2616329.301954628 546161.4138053622 12500.0
0 178900.12539225363 473830.945297712 12500.0 10805.72728083231 2578900.1253922535 395659.8547733939 12500.0
0 26863.829211254586 252157.61524797484 12500.0 10889.063123007516 2426863.8292112546 561014.184048077 12500.0
0 49369.98841485689 492780.28700820124 12500.0 10852.441761536953 2449369.988414857 255981.45197276666 12500.0
0 388873.3186583809 505878.78754119977 12500.0 10806.313604418483 2788873.318658381 587954.8489344403 12500.0
0 303539.5570983138 258885.4133014463 12500.0 10824.372789637715 2703539.5570983137 420214.19944020757 12500.0
0 120969.4669237348 319371.22278039245 12500.0 10817.650971833214 2520969.4669237346 456641.3535812227 12500.0
0 137270.54272559157 339599.2938488593 12500.0 10849.052361203077 2537270.5427255915 568600.0363271493 12500.0
0 1625.1913675398023 508129.3611594678 12500.0 10834.206704601305 2401625.1913675396 316962.06734695716 12500.0
0 96760.10965062774 507157.16024786344 12500.0 10806.900726990087 2496760.1096506277 421348.49481912865 12500.0
0 369543.90170607687 583743.0040621719 12500.0 10809.96613562789 2769543.9017060767 480614.68810727063 12500.0
0 374053.5154975506 376417.29004563694 12500.0 10836.88292614776 2774053.5154975504 574934.2053970352 12500.0
0 389465.7955361075 506145.76673014805 12500.0 10820.428181691772 2789465.7955361074 358461.412777387 12500.0
0 225448.63071953531 306221.14532211545 12500.0 10807.63639046448 2625448.6307195355 215952.86247315456 12500.0
0 287017.4275284225 231699.23844007644 12500.0 10806.464674383415 2687017.4275284223 314751.73074973136 12500.0
0 350436.91816065693 580340.4796028055 12500.0 10802.122994151923 2750436.918160657 532751.0935127222 12500.0
0 144692.33311877318 308499.63499638706 12500.0 10845.45305841884 2544692.333118773 528920.3373879592 12500.0
0 15277.295850281636 212420.10047090164 12500.0 10895.355723642202 2415277.2958502816 532047.688141526 12500.0
0 396620.92163733346 566639.3075277118 12500.0 10842.551306699319 2796620.9216373335 353384.82691455726 12500.0
0 170834.94467919748 336039.80442887254 12500.0 10804.547594812158 2570834.9446791974 405694.5893668151 12500.0
0 187295.49707537197 248285.37195965534 12500.0 10800.1931605038 2587295.497075372 233931.28845565813 12500.0
0 280998.46801906027 368862.2129650344 12500.0 10840.922125867464 2680998.4680190603 577986.4939439535 12500.0
0 61740.37954093108 588466.3581738019 12500.0 10800.009362303668 2461740.379540931 591626.4944957133 12500.0
0 131724.55583514532 312236.8363554391 12500.0 10847.877677858236 2531724.5558351455 538472.8230328449 12500.0
0 326771.43219681585 262478.3133924577 12500.0 10836.583199227092 2726771.432196816 460185.5959314019 12500.0
0 180056.35024894722 426033.18144480814 12500.0 10823.238828695577 2580056.3502489473 268506.1909322842 12500.0
0 107596.7509028573 293233.04228211526 12500.0 10800.896039419682 2507596.750902857 262316.78394257824 12500.0
0 388338.23520798824 239704.76957739377 12500.0 10834.573810653295 2788338.2352079884 431896.7592993858 12500.0
0 179801.9207848498 465823.5484589018 12500.0 10840.092172968696 2579801.9207848497 258834.75309719017 12500.0
0 85224.08097707106 547461.5217909756 12500.0 10801.715694668488 2485224.080977071 590242.5885895251 12500.0
0 354983.1213917308 460075.34624374326 12500.0 10834.891650871206 2754983.121391731 267000.5400261031 12500.0
0 225565.3694413082 294077.45449129725 12500.0 10806.610868560767 2625565.369441308 378064.0685028178 12500.0
0 247126.00397186074 215963.52863831463 12500.0 10902.709855653817 2647126.0039718607 547743.7769413036 12500.0
0 167718.31814509013 434185.6324114961 12500.0 10802.202895985614 2567718.3181450902 385708.8816953149 12500.0
0 331908.43278733274 407270.8777887382 12500.0 10809.707157020875 2731908.4327873327 305491.930549376 12500.0
0 277040.955400977 524113.17576611217 12500.0 10813.113700010286 2677040.955400977 405806.62911609 12500.0
0 327643.05947989656 435198.4553591759 12500.0 10810.28330830532 2727643.0594798964 539955.7187744335 12500.0
0 11712.92629479357 535859.3603951647 12500.0 10828.424902433588 2411712.9262947934 361618.7338667068 12500.0
0 310119.1363647545 525996.6721361284 12500.0 10818.59363478203 2710119.1363647543 385105.6391089318 12500.0
0 353559.02857690526 539735.9523010607 12500.0 10804.11186823558 2753559.0285769054 473502.82070566027 12500.0
0 105228.70370270137 494906.1728577119 12500.0 10806.016729221163 2505228.7037027013 575028.7802028538 12500.0
0 362248.4857656523 238795.30595936114 12500.0 10839.667776310844 2762248.4857656523 444683.6252955853 12500.0
0 372793.1632641285 258329.90596714077 12500.0 10822.456690941768 2772793.1632641284 413180.5033876704 12500.0
0 287236.2448623649 552477.8789337159 12500.0 10809.734699371313 2687236.244862365 450554.57908786443 12500.0
0 386919.99772291986 474237.4525970348 12500.0 10801.261479676772 2786919.99772292 437554.2560877621 12500.0
0 5753.399048609121 470631.8880149542 12500.0 10829.636018803325 2405753.399048609 292713.0134844834 12500.0
0 289406.36504001904 494691.6135426596 12500.0 10875.068194070545 2689406.365040019 211229.05253926117 12500.0
0 322442.6943983224 591364.5983624149 12500.0 10834.824305619168 2722442.694398322 398476.51162113965 12500.0
0 163347.39508334902 588478.9657320707 12500.0 10800.069691574643 2563347.395083349 597100.9097974467 12500.0
0 272861.4414342664 290690.07206771255 12500.0 10840.457050939403 2672861.4414342665 498620.3872301408 12500.0
0 130925.73643147359 525713.1936655353 12500.0 10800.398983470808 2530925.7364314734 546343.0320068335 12500.0
0 333380.91476849 294011.64060318726 12500.0 10807.116849900036 2733380.91476849 206869.18382976583 12500.0
0 67089.0974528012 379706.1122905416 12500.0 10832.056690680858 2467089.097452801 564758.9442694205 12500.0
0 166405.49526233884 303235.5684070105 12500.0 10818.377612111712 2566405.495262339 443305.0676009527 12500.0
