0 8680.045300048932 528559.1576117538 12500.0 10863.230629418984 2408680.045300049 268475.6280145479 12500.0
0 47129.1345426728 449681.593934724 12500.0 10815.707618408302 2447129.134542673 320194.23111256235 12500.0
0 53031.84290390086 303511.0613011751 12500.0 10813.785120162287 2453031.842903901 424810.3290146213 12500.0
0 17736.272304562826 214927.90364664653 12500.0 10871.647727236026 2417736.272304563 491835.3673642764 12500.0
0 2256.585555232826 323257.99837811483 12500.0 10810.693278207333 2402256.5855552326 430084.07266254985 12500.0
0 76677.6173563978 264436.937203477 12500.0 10801.393521305252 2476677.6173563977 302992.33399796305 12500.0
0 178740.981289109 559160.136604144 12500.0 10801.538349191409 2578740.981289109 599669.6746077916 12500.0
0 182489.3406064937 399023.9807910784 12500.0 10802.571439847481 2582489.340606494 451399.50660346943 12500.0
0 119921.49520414075 237931.18480599436 12500.0 10831.572195380208 2519921.495204141 421578.21927917923 12500.0
0 49272.61810830452 422756.4853094641 12500.0 10800.055927222022 2449272.6181083047 415032.7648359224 12500.0
0 149498.53684267073 252965.15068741955 12500.0 10893.093847420743 2549498.5368426708 568762.6767503069 12500.0
0 393998.31801208906 339432.7574100456 12500.0 10862.280256639599 2793998.318012089 597548.6634048639 12500.0
0 282858.3648890373 384754.6857721362 12500.0 10817.142073116303 2682858.3648890373 520029.9205158128 12500.0
0 129267.00482977647 300517.30117575044 12500.0 10813.846964036771 2529267.0048297765 422088.52941731457 12500.0
0 161320.9729441421 495673.5332746894 12500.0 10806.810457738524 2561320.9729441423 580918.9363183999 12500.0
0 69138.90771254913 227347.06348131652 12500.0 10875.695554303424 2469138.907712549 511995.7566336776 12500.0
0 274040.18567955686 402112.11079925846 12500.0 10800.05003282037 2674040.185679557 409417.48316123633 12500.0
0 140981.58298177007 548116.556703537 12500.0 10830.032122830347 2540981.58298177 369010.9899934808 12500.0
0 60577.911803614494 531315.3072464013 12500.0 10820.568584791963 2460577.9118036143 383123.82314613275 12500.0
0 352447.67558327824 201634.08346132163 12500.0 10800.082611852047 2752447.6755832783 211021.28996126837 12500.0
0 147663.14357830375 320181.5996438448 12500.0 10806.190731569975 2547663.143578304 238908.35922403078 12500.0
0 232701.58236391126 545859.0369951628 12500.0 10875.282857935852 2632701.5823639114 261990.0670383073 12500.0
0 192773.78231969546 225915.2934855101 12500.0 10812.753467380244 2592773.7823196957 342584.6154327516 12500.0
0 100179.28000348699 340953.76841565716 12500.0 10810.912558132934 2500179.280003487 448870.13740627316 12500.0
0 273656.43794605375 285526.37910417025 12500.0 10800.92520747708 2673656.4379460537 254110.9331007454 12500.0
0 331346.8087551774 299444.6408082835 12500.0 10804.105034717755 2731346.8087551775 365622.70259916404 12500.0
0 253510.8932118306 292089.9596079208 12500.0 10804.561400192139 2653510.8932118304 222329.50509802141 12500.0
0 344183.9464946173 392331.8343376625 12500.0 10829.516546489898 2744183.9464946175 214772.43642367245 12500.0
0 76785.22012596662 209372.27788816398 12500.0 10806.765572598613 2476785.2201259667 294336.21827208274 12500.0
0 172142.85451038537 451937.9760845058 12500.0 10802.235434662334 2572142.8545103855 403104.4792451661 12500.0
0 225224.9996321363 458444.74459621677 12500.0 10817.131746746229 2625224.9996321364 323210.2931333003 12500.0
0 233453.9995886351 591322.9832212427 12500.0 10877.17721354 2633453.9995886353 303892.12113146833 12500.0
0 60860.211266926846 237926.64952895342 12500.0 10816.290837532899 2460860.211266927 369797.7954099205 12500.0
0 220851.0490490802 328075.923928464 12500.0 10802.995469948379 2620851.0490490803 384605.6598924556 12500.0
0 138062.96984333737 599177.6102186247 12500.0 10811.135589238867 2538062.9698433373 490163.4580266469 12500.0
0 150547.02705573896 382747.0475788302 12500.0 10806.776935259204 2550547.027055739 467782.3281147283 12500.0
0 224250.19781776724 276283.34485027625 12500.0 10825.500165081467 2624250.197817767 441305.4270507202 12500.0
0 177725.42206486678 592259.0403737872 12500.0 10863.677891423056 2577725.422064867 331254.58664005 12500.0
0 33470.17710062521 358453.47873314033 12500.0 10804.907152584308 2433470.1771006254 430810.13173039927 12500.0
0 33726.588533274306 208949.59997718773 12500.0 10807.900849935753 2433726.5885332744 300768.20323005755 12500.0
0 59873.52715011798 550611.2323284199 12500.0 10800.529043162525 2459873.527150118 526855.6744890759 12500.0
0 324515.08102318394 490489.7892600302 12500.0 10864.472814208693 2724515.081023184 227856.4457562233 12500.0
0 241015.1028994596 227784.33425741785 12500.0 10893.996661382824 2641015.1028994597 545116.053691543 12500.0
0 16220.54984787682 342709.88840509375 12500.0 10800.07967205177 2416220.5498478767 333491.2206406049 12500.0
0 152492.28783873434 298168.9882474483 12500.0 10806.2515639541 2552492.287838734 379840.67772576626 12500.0
0 355864.7916428136 482194.31078213424 12500.0 10837.100161918203 2755864.7916428135 283092.63448687416 12500.0
0 34351.290739908036 223734.36775212348 12500.0 10862.519231941802 2434351.290739908 482346.43380173156 12500.0
0 199560.08918651106 532903.0289103381 12500.0 10866.449919978055 2599560.089186511 266261.0056609575 12500.0
0 74010.24380866134 543523.3817220215 12500.0 10908.807867687687 2474010.243808661 201988.06141311393 12500.0
0 340229.8501911808 227137.6754758295 12500.0 10880.27717761343 2740229.8501911806 520305.2601033429 12500.0
0 83479.22418481813 501341.0688127433 12500.0 10830.002818917543 2483479.224184818 322323.0260277681 12500.0
0 66469.96845899173 424529.76088254654 12500.0 10802.846626773331 2466469.9684589915 479636.9478342072 12500.0
0 146107.85738008478 597076.6521954362 12500.0 10890.18630233572 2546107.8573800847 286270.6351587651 12500.0
0 290038.9398698897 477850.3458984542 12500.0 10869.212781340186 2690038.9398698895 205704.18999091018 12500.0
0 14349.374863715748 500589.0994115874 12500.0 10808.098683028262 2414349.374863716 407627.6333266911 12500.0
0 252940.16503526122 507795.4370791563 12500.0 10805.183966964898 2652940.1650352613 433425.47103342763 12500.0
0 347097.95280936017 223938.14141812848 12500.0 10800.47393058773 2747097.9528093603 246422.29254968057 12500.0
0 208731.3301600255 226651.23505050255 12500.0 10928.618308287181 2608731.3301600255 598147.9162067578 12500.0
0 179892.85558456817 295265.62440941593 12500.0 10830.33162590072 2579892.8555845683 475263.3098520608 12500.0
0 110297.77989639156 383447.23241895647 12500.0 10800.089440828102 2510297.7798963916 373679.7381128866 12500.0
0 378580.41451955156 572922.6658195836 12500.0 10814.746381328196 2778580.4145195517 447462.6643334345 12500.0
0 35932.846447155905 370193.22804598825 12500.0 10800.089935506718 2435932.846447156 360398.75988312904 12500.0
0 293090.15685497085 543444.932148367 12500.0 10809.344742438803 2693090.156854971 443584.84214847634 12500.0
0 158982.51753085936 408500.84209950967 12500.0 10801.31546911977 2558982.5175308594 445960.85432394454 12500.0
0 167346.779095982 218133.06814761643 12500.0 10814.670155510097 2567346.779095982 343268.16994864604 12500.0
0 200592.49661290503 285141.26086253667 12500.0 10804.57113156903 2600592.496612905 354976.1055858151 12500.0
0 372482.7507822275 236849.65467340397 12500.0 10902.694854321542 2772482.7507822276 568605.5582798797 12500.0
0 58660.09478182743 230455.44385383785 12500.0 10878.202110233497 2458660.0947818276 519795.36109318613 12500.0
0 123423.35876689594 344782.1083032655 12500.0 10847.504462981638 2523423.3587668957 570132.6527266816 12500.0
0 30906.882577414675 364821.6606478867 12500.0 10800.167959470822 2430906.8825774146 378206.65829383646 12500.0
0 214006.62474710992 225392.03729928055 12500.0 10840.273597237852 2614006.62474711 432849.5043632489 12500.0
0 6021.371972509959 285357.64450730453 12500.0 10818.47103081582 2406021.37197251 425783.00266910036 12500.0
0 50994.227322158906 243330.36048534905 12500.0 10874.063555659153 2450994.227322159 524883.2160818581 12500.0
0 194882.19364891967 529268.4823347125 12500.0 10803.975940304923 2594882.1936489195 594397.4592873451 12500.0
0 168302.569444101 440399.2959684706 12500.0 10806.071861815655 2568302.569444101 359910.33261981205 12500.0
0 179664.4546296641 405685.48647440557 12500.0 10802.981378155962 2579664.4546296643 349288.8939915297 12500.0
0 39272.94294100032 225018.16705730127 12500.0 10890.55751044525 2439272.942941 536465.8332962694 12500.0
0 45114.863963408956 592111.499217587 12500.0 10930.554982514632 2445114.863963409 217811.67711180958 12500.0
0 121660.58675053537 469659.1706814285 12500.0 10804.404225073466 2521660.5867505353 538206.9493814694 12500.0
0 186617.59102691643 502905.58919521613 12500.0 10833.219365885347 2586617.5910269166 314521.71142926026 12500.0
0 206331.06201335095 206754.94472206105 12500.0 10913.999249080474 2606331.062013351 556384.7036702683 12500.0
0 32550.77889376947 398198.42657496326 12500.0 10829.755201742859 2432550.7788937693 576475.1887584934 12500.0
0 141198.00394380052 420515.7259794458 12500.0 10802.248906877916 2541198.0039438005 371535.28334921144 12500.0
0 118327.50747825229 566621.7779024347 12500.0 10801.201826265133 2518327.507478252 530816.4801957563 12500.0
0 379777.44158291543 587798.7976952756 12500.0 10855.941054487856 2779777.4415829154 343207.3087389524 12500.0
0 268350.0698720508 594963.189280734 12500.0 10805.3671566282 2668350.0698720505 519290.2773050253 12500.0
0 325122.82679323416 261458.3004225512 12500.0 10889.83767281064 2725122.8267932343 571660.5076856595 12500.0
0 318135.59803867474 524899.354002622 12500.0 10848.815587390347 2718135.598038675 296453.2181243433 12500.0
0 269193.87513974763 320470.178874855 12500.0 10801.334634317931 2669193.8751397477 282738.25734903954 12500.0
0 24962.789803769116 320581.5787748211 12500.0 10858.54679619779 2424962.789803769 570819.8381007774 12500.0
0 367598.62696988194 422585.19920017326 12500.0 10805.684836346874 2767598.626969882 344704.3841306727 12500.0
0 82880.76587351564 325399.03877430287 12500.0 10839.96384502763 2482880.7658735155 532055.6886517731 12500.0
0 45404.27099925899 546967.2093510901 12500.0 10801.229454554934 2445404.270999259 510752.6703260886 12500.0
0 62867.07587733273 315352.65094455716 12500.0 10832.413777059497 2462867.0758773326 501434.8360835253 12500.0
0 295108.15766684734 520583.8186550212 12500.0 10881.59397125911 2695108.157666847 225012.61143849138 12500.0
0 194010.78274063842 386358.12451400585 12500.0 10837.245364006307 2594010.7827406386 585849.7103604149 12500.0
0 180752.5222107419 220694.2169147343 12500.0 10805.96046005225 2580752.522210742 300441.18224658095 12500.0
0 281160.0269575653 450026.8738590591 12500.0 10804.759372651082 2681160.0269575655 378768.3111450174 12500.0
0 331351.95910788083 564325.0578312523 12500.0 10821.712117805402 2731351.959107881 412065.83107906225 12500.0
0 139634.10015689992 509954.63461547886 12500.0 10804.132249024333 2539634.1001569 443557.5298118855 12500.0
0 223335.78147943024 291931.0730245694 12500.0 10805.810801165162 2623335.7814794304 213191.91289969836 12500.0
0 51781.07435568271 299873.2497633022 12500.0 10802.784991967479 2451781.074355683 354380.5072607583 12500.0
0 101717.61456559211 207067.03411797757 12500.0 10804.164978153049 2501717.6145655923 273726.6171301105 12500.0
0 98190.31730455956 410140.50217144797 12500.0 10830.408232178548 2498190.3173045595 229915.33770157737 12500.0
0 347099.4799030387 568326.1805731531 12500.0 10894.167862390064 2747099.4799030386 250704.35295517975 12500.0
0 147562.52519321954 546632.3399356455 12500.0 10803.642964018887 2547562.5251932195 484290.67125358386 12500.0
0 317440.2489500616 230140.2195431086 12500.0 10912.736307588091 2717440.2489500614 577817.7854353599 12500.0
0 189465.39550591903 389103.4238890706 12500.0 10820.200893343756 2589465.395505919 242243.72392871894 12500.0
0 32530.125680830846 573145.3609735143 12500.0 10800.466366194241 2432530.125680831 595449.3519722291 12500.0
0 135024.14288620587 260316.5970715102 12500.0 10805.341518016503 2535024.142886206 335808.50522138237 12500.0
0 326726.49583892536 568999.8914879764 12500.0 10876.768349606653 2726726.4958389252 282334.10931836185 12500.0
0 231377.27928714728 408167.6540773617 12500.0 10813.514363104146 2631377.2792871473 528269.0271145453 12500.0
0 81299.49450136347 450361.1126273146 12500.0 10800.745532139608 2481299.4945013635 422160.7273451865 12500.0
0 37043.21193597915 207097.5027235087 12500.0 10882.766350686117 2437043.2119359793 504792.6358342644 12500.0
0 209514.98035520953 325288.68847467826 12500.0 10802.000848084377 2609514.9803552097 279088.73549753235 12500.0
0 375555.7655234581 275939.172145101 12500.0 10809.081208807716 2775555.765523458 374380.50106497755 12500.0
0 107460.91456231239 287984.76445095387 12500.0 10800.056962716739 2507460.9145623124 295779.65966655355 12500.0
0 28300.248615662626 491413.4899283349 12500.0 10803.782960760416 2428300.2486156626 427885.0329171085 12500.0
0 362240.8795812815 356206.8729356743 12500.0 10800.747556365208 2762240.8795812814 327968.2282570564 12500.0
0 119120.18385516955 376997.569729768 12500.0 10807.802451522306 2519120.1838551695 468242.41227140196 12500.0
0 19866.051924766427 423150.61674721824 12500.0 10803.113317012085 2419866.0519247665 365519.4608198568 12500.0
0 18103.20739561644 555665.5697660513 12500.0 10800.008415770171 2418103.2073956165 552669.4347533036 12500.0
0 218666.28173132986 273750.6686448607 12500.0 10802.296668692874 2618666.28173133 224252.7856856693 12500.0
0 329927.83568233874 251439.72050914058 12500.0 10802.906870469034 2729927.8356823386 307127.05401010736 12500.0
0 98227.53138602938 380117.1052814629 12500.0 10802.459186991331 2498227.5313860294 328897.66133972723 12500.0
0 208205.8313935357 258822.7791989948 12500.0 10803.597297590757 2608205.8313935357 320772.4076857307 12500.0
0 239273.19443398906 455930.78232393315 12500.0 10812.646125643805 2639273.194433989 572107.7946481942 12500.0
0 324557.62959683186 226552.83405892533 12500.0 10800.34012104066 2724557.6295968317 245600.18267785324 12500.0
0 148417.46132031063 596108.8820914412 12500.0 10800.788993616445 2548417.461320311 567098.1266349724 12500.0
0 63405.6021311574 505768.8223156059 12500.0 10800.03789347305 2463405.602131157 499411.16744159884 12500.0
0 291535.45391950855 521428.45516656904 12500.0 10811.759309014446 2691535.4539195085 409401.26356868347 12500.0
0 311615.5357109408 410212.7587038408 12500.0 10816.624522314145 2711615.5357109406 543428.6434067244 12500.0
0 35346.80695811257 375604.0118872118 12500.0 10817.294540882134 2435346.8069581124 239728.0364494705 12500.0
0 57666.233483445285 247980.89411307895 12500.0 10893.557528418765 2457666.2334834454 564567.2874450112 12500.0
0 86472.2936290558 411729.5142284778 12500.0 10813.022371386762 2486472.293629056 529623.126891317 12500.0
0 60439.7030519074 367185.73778711417 12500.0 10848.564974907942 2460439.7030519075 595043.3947616909 12500.0
0 71636.03868841672 319149.52938308864 12500.0 10858.164206117175 2471636.0386884166 568566.6203856056 12500.0
0 363755.8012279554 291792.14517353976 12500.0 10800.162480917792 2763755.801227955 304957.0334254405 12500.0
0 16351.93092661389 347344.8968932669 12500.0 10821.133796523492 2416351.930926614 497560.6499201291 12500.0
0 294800.2205923998 469792.31892833015 12500.0 10822.514996977383 2694800.2205924 314740.6175071593 12500.0
0 288695.7959368052 445759.0321768137 12500.0 10800.854951481788 2688695.795936805 475958.1106916251 12500.0
0 382517.2094908941 217674.1577638766 12500.0 10811.19133796084 2782517.2094908943 326960.9920492762 12500.0
0 101448.1314869998 418634.34479480004 12500.0 10800.19334145429 2501448.131487 404273.53943620226 12500.0
0 340282.7764001355 430875.9027813613 12500.0 10814.818599773731 2740282.7764001354 305108.8545519509 12500.0
0 399010.20530603686 251171.43302815812 12500.0 10821.13128090156 2799010.205306037 401378.2367251007 12500.0
0 320975.68705160404 350901.0078380946 12500.0 10819.43216361641 2720975.687051604 206865.28814324347 12500.0
0 119989.49768964504 436127.8391310805 12500.0 10801.736070033152 2519989.497689645 479162.2076272464 12500.0
0 352838.4384848748 319006.10410591704 12500.0 10831.885243446173 2752838.4384848746 503562.6867757423 12500.0
0 147644.51335123865 478355.6573611451 12500.0 10800.00015604389 2547644.513351239 477947.67841820535 12500.0
0 53748.46341185653 447293.55737268913 12500.0 10839.891122223853 2453748.4634118564 240825.36813094356 12500.0
0 210484.18879443043 394036.2440413621 12500.0 10812.566950853436 2610484.1887944303 509848.7930294063 12500.0
0 24932.883498886626 394770.35058967635 12500.0 10827.697432642917 2424932.8834988866 222776.71119220913 12500.0
0 277962.1161268468 346989.0834658802 12500.0 10832.864477558898 2677962.116126847 534362.4532692729 12500.0
0 274120.82365070714 485262.8526309516 12500.0 10834.039831187562 2674120.823650707 294563.1580351231 12500.0
0 275218.0106287945 288290.628236663 12500.0 10817.358995920953 2675218.0106287943 424419.76928865834 12500.0
0 183146.26179550367 523047.2996487202 12500.0 10855.046705734549 2583146.2617955036 280423.8822900713 12500.0
0 373238.4257907637 557266.0910929989 12500.0 10859.680977431275 2773238.4257907635 304609.0081532176 12500.0
0 244913.25353985006 218176.88815025525 12500.0 10910.837981126437 2644913.25353985 562899.7469833123 12500.0
0 266672.1873107798 334730.2872528486 12500.0 10841.309382983894 2666672.18731078 544843.6179391259 12500.0
0 273446.637262755 549277.6638879285 12500.0 10887.67445406163 2673446.637262755 242848.20509502856 12500.0
0 69622.67428739395 296762.7442928997 12500.0 10802.941601634446 2469622.674287394 352781.8099733831 12500.0
0 330940.94311001786 385834.20343451574 12500.0 10833.51224338951 2730940.943110018 575047.9799368983 12500.0
0 5544.754343136083 435977.3883239635 12500.0 10808.616216983653 2405544.754343136 531864.2882755304 12500.0
0 192982.72159134492 561305.0574323923 12500.0 10907.811400846927 2592982.721591345 221345.0338968542 12500.0
0 65022.12761099946 354573.8378700381 12500.0 10800.281410027383 2465022.1276109996 371899.3856700942 12500.0
0 398017.7052633944 499376.98067628295 12500.0 10800.878000247645 2798017.7052633944 529980.4390732562 12500.0
0 235460.7716193522 339141.9288403595 12500.0 10838.514862646067 2635460.771619352 542010.7884820759 12500.0
0 38759.907200913534 253155.18736322867 12500.0 10810.490294593255 2438759.9072009134 358962.00165403745 12500.0
0 148169.10200678217 374975.1482363912 12500.0 10801.233972017933 2548169.1020067823 411256.1627418458 12500.0
0 247823.00161828834 489414.534764691 12500.0 10809.371733776163 2647823.0016182885 389410.26844604296 12500.0
0 88385.70429530872 342835.7025756076 12500.0 10843.955025987781 2488385.704295309 559586.1827346332 12500.0
0 77749.95029518932 232569.87400185433 12500.0 10840.086357871334 2477749.9502951894 439543.6298509516 12500.0
0 72207.3582026039 579850.6119676143 12500.0 10895.794839137243 2472207.358202604 259484.6810274629 12500.0
0 239088.8207114566 493691.5678096167 12500.0 10833.13643400223 2639088.8207114567 305543.3470549055 12500.0
0 209182.44892080003 321777.07188396686 12500.0 10800.12426703798 2609182.4489208 310263.93722129316 12500.0
0 210355.00500447454 427726.71475551254 12500.0 10800.341006164595 2610355.0050044744 446798.8318739861 12500.0
0 348896.7912804091 452950.4026604698 12500.0 10808.031400925078 2748896.7912804093 545524.7673979263 12500.0
0 53373.96806568 597211.5599301306 12500.0 10885.006826001294 2453373.96806568 295498.45917848224 12500.0
0 234913.83776935088 392861.7761292223 12500.0 10800.19774786539 2634913.837769351 378338.2439318399 12500.0
0 247621.14175146143 314623.1542740919 12500.0 10803.357027065562 2647621.1417514617 254778.47702618517 12500.0
0 205328.05453014656 290244.8156322293 12500.0 10805.081609101602 2605328.0545301465 216612.90516338198 12500.0
0 371895.3055980195 437199.2181834095 12500.0 10807.943227879035 2771895.3055980196 529263.8270204125 12500.0
0 249172.5267575126 598707.7822073231 12500.0 10863.62141598535 2649172.5267575127 337819.43563817587 12500.0
0 158498.49444875162 204400.69332755354 12500.0 10813.123214134552 2558498.4944487517 322750.1745534855 12500.0
0 160261.07423204885 395400.52664350957 12500.0 10819.916723954673 2560261.074232049 541222.6596845696 12500.0
0 304509.93176287995 529174.9636579436 12500.0 10800.395630593654 2704509.9317628797 508631.9917180738 12500.0
0 270392.0188453296 525731.2163575137 12500.0 10806.904962238486 2670392.0188453295 439896.21447373787 12500.0
0 229829.62612666236 302142.5735301138 12500.0 10808.077074706489 2629829.6261266624 209305.2532364595 12500.0
0 94586.77609650485 542317.3332480651 12500.0 10809.786524177545 2494586.7760965046 440122.96547534084 12500.0
0 91116.5380376683 302108.5785223339 12500.0 10801.321138624508 2491116.5380376684 339649.2328288211 12500.0
0 281201.8987678476 446134.49408582575 12500.0 10815.678920489472 2681201.8987678476 316765.5583369095 12500.0
0 59460.2455717752 339488.51168609975 12500.0 10817.013196630682 2459460.2455717754 474253.8763397812 12500.0
0 144205.99707201007 213401.94326377643 12500.0 10845.535730577158 2544205.9970720103 434023.43167085445 12500.0
0 171626.95779705493 358889.5078168285 12500.0 10821.83457423643 2571626.957797055 511577.9345596093 12500.0
0 72332.33097214687 268184.8612101966 12500.0 10801.864549486108 2472332.3309721467 312783.3417494303 12500.0
0 124285.71070961162 234086.42546881983 12500.0 10837.936520588019 2524285.7107096114 435423.68619769026 12500.0
0 85538.99274593433 457522.65849715064 12500.0 10812.865184584149 2485538.9927459345 340343.15074668254 12500.0
0 301841.6489946756 500534.80401471455 12500.0 10800.05169549603 2701841.648994676 493109.03843781055 12500.0
0 298154.93387317355 425194.37167685083 12500.0 10818.24091257051 2698154.933873174 564741.5126854635 12500.0
0 196074.8241357747 500200.0582263416 12500.0 10800.508468224276 2596074.8241357747 476911.0291933743 12500.0
0 261518.06039268032 287582.937318971 12500.0 10877.258019060251 2661518.06039268 575164.7679243637 12500.0
0 168573.43875349328 374449.17083114805 12500.0 10800.025525907111 2568573.438753493 379667.1844788252 12500.0
0 15785.887422668755 496509.62583520747 12500.0 10808.511414013894 2415785.8874226687 591811.3524965028 12500.0
0 250822.0037742405 471020.96855215996 12500.0 10813.459246851497 2650822.0037742406 590877.031058052 12500.0
0 185600.38855522958 536791.7306624553 12500.0 10822.176471903085 2585600.3885552296 382911.2914218786 12500.0
0 211287.46576989244 430942.0880831105 12500.0 10831.415301086416 2611287.4657698926 247752.59237248282 12500.0
0 162781.3485387389 392549.75186032086 12500.0 10801.101102071529 2562781.3485387387 358277.76987539977 12500.0
0 312372.03712894826 294249.01301783527 12500.0 10848.324731202301 2712372.037128948 521541.12110952847 12500.0
0 103539.00201691441 201648.47324357904 12500.0 10911.077714474928 2503539.0020169145 546745.8394513276 12500.0
0 183472.72408539098 464952.3240433856 12500.0 10804.036773999225 2583472.724085391 399326.8946422756 12500.0
0 326849.00182954257 321507.2447028058 12500.0 10870.112089197919 2726849.0018295427 595421.4271478396 12500.0
0 156741.73391605963 203679.4338045038 12500.0 10810.549433390814 2556741.7339160596 309784.21588136104 12500.0
0 93782.81594106075 433366.5885657167 12500.0 10800.007748564763 2493782.815941061 430491.6731388844 12500.0
0 258793.63124950125 364061.7444120753 12500.0 10819.42470267686 2658793.6312495014 220053.7033309774 12500.0
0 316504.6395900524 547098.8973072725 12500.0 10801.243160536897 2716504.6395900524 510683.04602723353 12500.0
0 286488.8032892745 549973.5733192795 12500.0 10874.24066837837 2686488.8032892747 268083.11969824776 12500.0
0 345192.3471128689 397501.23749414197 12500.0 10802.275349912887 2745192.347112869 446768.82899328606 12500.0
0 99978.83227612125 285943.2557725069 12500.0 10846.007405241053 2499978.8322761212 507706.8530194166 12500.0
0 73958.90335983774 223564.3620986421 12500.0 10867.227477084509 2473958.903359838 491766.70313670917 12500.0
0 365410.461603289 354410.0997408945 12500.0 10816.813122991513 2765410.461603289 220440.1127350625 12500.0
0 56551.720264501084 468709.9903202707 12500.0 10801.697999162185 2456551.720264501 426150.13262977113 12500.0
0 94647.6637934797 424209.6633593796 12500.0 10810.53028618906 2494647.6637934796 530218.0647527179 12500.0
0 209326.14252445352 382613.6874700783 12500.0 10826.856041351568 2609326.1425244533 551971.4780851608 12500.0
0 245260.90166248058 436143.2427932435 12500.0 10807.260952416495 2645260.9016624806 524163.8053813899 12500.0
0 347486.961023756 457277.0071489826 12500.0 10807.538919405923 2747486.961023756 367586.86992781045 12500.0
0 304812.0066288054 334444.5999856378 12500.0 10806.342867035532 2704812.0066288053 252178.49760157024 12500.0
0 235857.8970579561 282407.2067713912 12500.0 10800.007503573846 2635857.897057956 279578.10534472676 12500.0
0 380332.4120988884 395214.8546350783 12500.0 10800.078830100694 2780332.4120988883 386045.0265226024 12500.0
0 141266.63402336216 231213.17666641553 12500.0 10800.309923214661 2541266.6340233623 249395.29715974754 12500.0
0 292197.18441870686 391713.7671270038 12500.0 10805.13892517078 2692197.1844187067 317667.6712934813 12500.0
0 252448.6480803003 255249.44235103417 12500.0 10894.081281321302 2652448.6480803005 572724.5868265692 12500.0
0 185309.9293145587 422884.88188578485 12500.0 10815.872122295112 2585309.929314559 553049.0262802868 12500.0
0 342729.01912738895 414193.13386983686 12500.0 10816.793565944314 2742729.019127389 548085.1206028819 12500.0
0 161614.2700903038 292123.366645832 12500.0 10813.86986699556 2561614.270090304 413795.15757081436 12500.0
0 160819.94497097557 347423.07592936815 12500.0 10805.988056204746 2560819.9449709756 427354.48814476 12500.0
0 8943.961264984779 498912.70601092465 12500.0 10871.178017967113 2408943.9612649847 222917.4029258778 12500.0
0 3051.716377278346 416821.2522952096 12500.0 10814.126649255433 2403051.7163772783 539614.9035841355 12500.0
0 379256.6159055487 533862.1972127267 12500.0 10859.683308357075 2779256.6159055484 281200.16678430827 12500.0
0 159419.30432295596 273618.36819545535 12500.0 10873.62793509726 2559419.304322956 554339.1750549169 12500.0
0 322225.9317105678 297520.70140499214 12500.0 10803.208435480848 2722225.931710568 356025.73988996714 12500.0
0 44248.36372381411 589426.7745345841 12500.0 10815.713010703672 2444248.363723814 459917.1714958692 12500.0
0 27347.088204620108 415707.5306026041 12500.0 10805.478527781228 2427347.08820462 339253.3276269001 12500.0
0 196554.08560349996 247611.61631402854 12500.0 10824.60150875852 2596554.0856035 409696.46277631505 12500.0
0 130984.42307029781 546671.8984301828 12500.0 10839.977519024855 2530984.4230702976 339979.83153657085 12500.0
0 220900.2823378043 226922.76190157406 12500.0 10825.977372387086 2620900.2823378043 393483.62719936727 12500.0
0 121816.40221211243 221846.2193513311 12500.0 10800.812351987313 2521816.402212112 251283.29418732855 12500.0
0 138523.3373485726 449758.7914496879 12500.0 10856.85364872382 2538523.3373485724 203175.1067283494 12500.0
0 22246.431753038065 351156.95456575125 12500.0 10809.265208637575 2422246.431753038 450590.99515441543 12500.0
0 168396.97411585983 205033.53365459596 12500.0 10802.25290583915 2568396.9741158597 254057.5095023428 12500.0
0 1696.5305625820104 494120.91073798796 12500.0 10803.149908337771 2401696.530562582 552089.8006569834 12500.0
0 344801.87955163704 572881.8252527786 12500.0 10864.183670994305 2744801.879551637 310839.8121196181 12500.0
0 125568.27439591562 463191.82682791504 12500.0 10842.057956249524 2525568.2743959157 251179.6298024019 12500.0
0 33747.69703863767 204732.91119828384 12500.0 10824.411295046055 2433747.6970386375 366189.22862063156 12500.0
0 22313.419077306706 579601.5535111944 12500.0 10811.907824266245 2422313.4190773065 466868.76545599586 12500.0
0 30869.352252462566 233577.21467163478 12500.0 10812.807554698473 2430869.3522524624 350493.8178382435 12500.0
0 48265.491377265455 512576.71247136296 12500.0 10882.988787597656 2448265.4913772657 214480.28669513768 12500.0
0 376586.506431207 411624.6588563616 12500.0 10805.092339044228 2776586.506431207 337915.0332818537 12500.0
0 169813.8598187944 208572.7109236901 12500.0 10870.75092166632 2569813.8598187943 483736.01605237316 12500.0
0 86667.70673933746 388019.28557709494 12500.0 10801.387449029873 2486667.7067393376 426490.5825961017 12500.0
0 61533.83415005016 304942.71727963013 12500.0 10802.028171828462 2461533.8341500503 258428.34940734925 12500.0
0 352925.7460051614 331512.17905883427 12500.0 10850.161848466692 2752925.746005161 563094.1926807732 12500.0
0 67634.98922457565 496281.2473704333 12500.0 10802.35170087638 2467634.9892245755 546368.7113286838 12500.0
0 200935.16156260495 493227.4734529136 12500.0 10800.073916532388 2600935.161562605 484348.0269034714 12500.0
0 173588.25543335042 299857.1475394062 12500.0 10833.4098621893 2573588.2554333503 488781.22820628143 12500.0
0 321157.0897507328 234933.4082749243 12500.0 10848.696626810504 2721157.0897507328 463100.39288846374 12500.0
0 93304.55571390766 278956.6841577029 12500.0 10813.832816231536 2493304.555713908 400465.75050766073 12500.0
0 292137.16093853494 359502.1826083485 12500.0 10802.258767489853 2692137.160938535 310414.46580154594 12500.0
0 377853.86107246135 311396.9746382322 12500.0 10800.78901703553 2777853.861072461 340408.16065906815 12500.0
0 190140.72397625857 595637.1674397956 12500.0 10800.002902447439 2590140.7239762587 597396.6970219467 12500.0
0 359163.4391965407 451919.83014244447 12500.0 10800.180065903705 2759163.4391965405 438060.82951259403 12500.0
0 132399.65767710697 361450.6072956319 12500.0 10803.684485271224 2532399.657677107 424146.60409230686 12500.0
0 185290.5412586653 267963.71061222965 12500.0 10800.593838304369 2585290.5412586653 293132.04268200626 12500.0
0 109193.70287962451 253176.04274400533 12500.0 10827.567918820618 2509193.7028796244 424766.5741057582 12500.0
0 114293.82238045309 511460.4699047223 12500.0 10862.282034633721 2514293.822380453 253340.86896083382 12500.0
0 218493.54039196487 497387.1957588455 12500.0 10816.39187850574 2618493.540391965 365107.41941387847 12500.0
0 268801.2678885817 456407.52390315634 12500.0 10845.585179323172 2668801.267888582 235666.02579869027 12500.0
0 37625.620868971724 343513.34022760513 12500.0 10800.239772813338 2437625.6208689716 327520.82614682807 12500.0
0 100549.54090755852 524519.3808316642 12500.0 10865.443682863888 2500549.5409075585 259910.0554370956 12500.0
0 285106.79118981963 374865.5120258039 12500.0 10800.90475180591 2685106.7911898196 405931.7157924176 12500.0
0 393123.83426553744 330032.201286783 12500.0 10835.003472595447 2793123.8342655376 523416.6455084777 12500.0
0 370079.501400581 526468.8789153668 12500.0 10839.978901449973 2770079.501400581 319773.23173816456 12500.0
0 71054.29215479 288238.7287471217 12500.0 10884.69901819024 2471054.29215479 589402.9484663503 12500.0
0 346397.6194762893 317828.9739825173 12500.0 10822.035622408412 2746397.6194762895 471219.4645655819 12500.0
0 285829.5482636029 328812.8280546253 12500.0 10801.051410958795 2685829.548263603 362302.5221944569 12500.0
0 267232.9345673245 280600.5781685465 12500.0 10806.461760262791 2667232.9345673244 363634.3437299644 12500.0
0 248021.8904511231 256325.78706835324 12500.0 10801.893017476972 2648021.890451123 301263.472876748 12500.0
0 54672.93914609139 365529.5405168948 12500.0 10801.710534195818 2454672.939146091 322812.86579722154 12500.0
0 64497.527843801894 367569.66712004866 12500.0 10803.745494050614 2464497.527843802 304356.642903787 12500.0
0 113287.36184415735 391426.9769438979 12500.0 10815.163012602876 2513287.3618441573 518648.17813792196 12500.0
0 316059.2926695808 594403.5389691364 12500.0 10942.564326086707 2716059.292669581 203158.9890969201 12500.0
0 308767.34863960784 557825.0014461805 12500.0 10800.031959185835 2708767.348639608 563663.6527171753 12500.0
0 229974.78708437047 244516.03447532718 12500.0 10887.03464500973 2629974.7870843704 549820.8497084797 12500.0
0 388342.2205514731 568371.7399746239 12500.0 10803.866734729234 2788342.220551473 504143.5888492439 12500.0
0 236677.1518647814 316907.7147168911 12500.0 10813.298836968936 2636677.1518647815 436046.9604807125 12500.0
0 380466.0964540595 395343.4491452976 12500.0 10803.801001072334 2780466.0964540597 459023.2309131725 12500.0
0 111158.03103502175 396884.241217799 12500.0 10800.0208062226 2511158.031035022 392173.26196873136 12500.0
0 33818.97840384056 261750.29436529195 12500.0 10821.710201929276 2433818.9784038407 414002.7965507644 12500.0
0 53510.501378624744 490180.437259934 12500.0 10819.729312796544 2453510.5013786247 345046.62889568956 12500.0
0 61942.21163571423 365189.7984435129 12500.0 10808.571726280026 2461942.2116357144 460828.7187042526 12500.0
0 69085.05764914499 417930.4289910721 12500.0 10832.514244243052 2469085.057649145 231559.6513674606 12500.0
