0 194972.1600594067 390928.40519518027 12500.0 10838.050723966255 2594972.160059407 592569.0212371864 12500.0
0 332819.1985947386 500332.5665628518 12500.0 10814.784482871299 2732819.1985947387 374710.4778089072 12500.0
0 241088.82566484317 358964.7100713645 12500.0 10819.090495547054 2641088.825664843 501727.4245100625 12500.0
0 316362.7235500544 353302.3051546718 12500.0 10846.700717696334 2716362.7235500542 576734.1749897167 12500.0
0 81184.72994328423 312866.3537555123 12500.0 10807.74155179016 2481184.7299432843 403754.2783066566 12500.0
0 100846.3325130612 389284.8578293524 12500.0 10809.67355467772 2500846.3325130614 287682.30155284796 12500.0
0 110483.30609088195 539365.4880207268 12500.0 10819.42468875401 2510483.306090882 395357.4985956088 12500.0
0 154262.18583411994 334623.2487090628 12500.0 10805.271197713599 2554262.18583412 409616.46853067906 12500.0
0 23450.309771073342 556363.1873101383 12500.0 10800.080420581124 2423450.3097710735 547101.3153297493 12500.0
0 195176.49509863043 280592.53618395544 12500.0 10807.755822215233 2595176.4950986304 371564.2215434659 12500.0
0 206477.44657792427 411098.9583996809 12500.0 10801.155462724648 2606477.4465779243 375991.13158668304 12500.0
0 397113.11474858643 274837.5569180383 12500.0 10812.557246088561 2797113.1147485864 390605.3534471212 12500.0
0 74264.07561918654 568815.4307967921 12500.0 10805.136960134496 2474264.0756191867 494783.4966580514 12500.0
0 245224.39204465272 407471.51699189545 12500.0 10810.194927594617 2645224.3920446527 303165.6106235176 12500.0
0 28912.807499435454 484455.88528752833 12500.0 10823.303758573611 2428912.8074994353 326708.7442316834 12500.0
0 119225.31323842582 474079.6868760073 12500.0 10869.89302637922 2519225.3132384256 200595.13927925137 12500.0
0 383681.7373689969 310166.6995553446 12500.0 10800.211248777836 2783681.7373689967 295155.56257482007 12500.0
0 249613.80267925165 305947.13659169804 12500.0 10800.059128381552 2649613.802679252 298005.44619830244 12500.0
0 7121.131333710595 537555.0057562533 12500.0 10810.158589762023 2407121.1313337106 433435.24190245493 12500.0
0 347188.32864083326 538028.3454526286 12500.0 10895.018381104865 2747188.3286408335 218969.11687757523 12500.0
0 66190.91436080296 518544.6143630849 12500.0 10830.516231432875 2466190.914360803 337999.2349122748 12500.0
0 122933.50945687389 597948.4133177202 12500.0 10848.796037488286 2522933.509456874 369548.1297541291 12500.0
0 352877.90500231076 552047.9374178018 12500.0 10839.102384751253 2752877.905002311 347634.83509556006 12500.0
0 353776.6098816063 276287.532207871 12500.0 10890.4783594095 2753776.6098816064 587598.4915725818 12500.0
0 144545.82165444814 312008.804483178 12500.0 10836.222912830433 2544545.8216544483 508738.48886909324 12500.0
0 238273.82353404857 460833.1590486208 12500.0 10801.084383164094 2638273.8235340486 494843.94327245536 12500.0
0 209267.7825492522 399478.2611704544 12500.0 10804.3860531983 2609267.7825492523 467884.4505322983 12500.0
0 383801.5644501847 371565.9061538688 12500.0 10800.017224533889 2783801.564450185 367279.5497992201 12500.0
0 138432.6086170729 531402.1880954856 12500.0 10876.530134586552 2538432.608617073 245183.09144507634 12500.0
0 192047.81765028014 514169.98035651835 12500.0 10800.57292101985 2592047.81765028 489448.8969697713 12500.0
0 61214.44678705536 554967.5638411295 12500.0 10881.647379913997 2461214.4467870556 259299.27282808177 12500.0
0 53318.41273296156 306335.49954530946 12500.0 10803.052772373625 2453318.4127329616 249267.5510093953 12500.0
0 93615.06293792452 522154.0812014007 12500.0 10830.788917374435 2493615.0629379246 340802.6969254314 12500.0
0 150068.27242595845 279001.0325537879 12500.0 10880.034011226626 2550068.2724259584 571722.6240799113 12500.0
0 173074.80246844888 293810.85114896874 12500.0 10814.305354127448 2573074.802468449 417379.2542199476 12500.0
0 309537.5357304229 234094.42159754352 12500.0 10895.890024335471 2709537.535730423 554620.1796898609 12500.0
0 11567.722292185812 494175.8075155048 12500.0 10870.545873086417 2411567.7222921858 219412.82737963749 12500.0
0 378040.4687430041 378594.1743139258 12500.0 10844.848366948887 2778040.468743004 597540.7095447343 12500.0
0 344783.77863961394 323930.6711433844 12500.0 10817.668057790686 2744783.778639614 461267.2781782429 12500.0
0 286825.0870703951 556702.3524726842 12500.0 10800.355315776207 2686825.0870703952 576170.5246816052 12500.0
0 52742.412669002595 512447.33222047286 12500.0 10808.726972539653 2452742.4126690025 415945.87265082507 12500.0
0 385348.9846274877 225051.48369500425 12500.0 10800.052577182032 2785348.9846274876 217562.66108972282 12500.0
0 271286.1542105612 443691.6865110037 12500.0 10800.490330232939 2671286.154210561 420821.8201381307 12500.0
0 182865.99963773144 443278.9899390119 12500.0 10829.312684325796 2582865.9996377314 266334.66377130966 12500.0
0 119118.09123821997 270821.613829827 12500.0 10831.42746282457 2519118.0912382198 454046.6164945686 12500.0
0 226060.69095735485 567970.1780877578 12500.0 10856.709861764171 2626060.690957355 321699.3222281982 12500.0
0 211644.48932426283 338083.6884002412 12500.0 10853.52699654661 2611644.489324263 577326.1414608822 12500.0
0 138257.52947432158 209860.3455999797 12500.0 10923.179313948654 2538257.5294743218 573371.7749158249 12500.0
0 199495.2819345777 511961.1175436793 12500.0 10836.225192720514 2599495.2819345775 315225.23175244423 12500.0
0 59066.66717889948 442807.3147623408 12500.0 10804.440797795643 2459066.6671788995 511639.1739774609 12500.0
0 181824.03474136678 414838.27847033704 12500.0 10825.455124449923 2581824.0347413667 249962.17062799638 12500.0
0 199891.43431533832 359507.06702920963 12500.0 10809.601716544714 2599891.4343153383 460731.48957546835 12500.0
0 390122.6003005934 243021.29405040905 12500.0 10800.903868680434 2790122.6003005933 274072.3316672977 12500.0
0 252567.18716435836 286849.35770467384 12500.0 10816.998555063832 2652567.1871643583 421556.674681382 12500.0
0 67886.86009388458 444698.9109041839 12500.0 10815.725567222957 2467886.8600938846 574260.2878422673 12500.0
0 144466.38411573952 255385.8845788179 12500.0 10800.82504643484 2544466.3841157397 285052.0799093926 12500.0
0 367383.5848947644 410570.87007749313 12500.0 10804.03184800914 2767383.5848947642 476156.23911580106 12500.0
0 89341.98049746329 367338.92970048287 12500.0 10818.471360284557 2489341.980497463 507765.54131396435 12500.0
0 380864.382148531 337565.2338163364 12500.0 10805.689239332278 2780864.382148531 415476.21087820537 12500.0
0 172191.3847871331 366580.0202319744 12500.0 10818.70879427656 2572191.384787133 225252.9806521645 12500.0
0 88582.54246486026 433743.0564619324 12500.0 10800.94124922351 2488582.5424648602 402056.42012471065 12500.0
0 29460.763881926643 310918.26904862473 12500.0 10801.625606263602 2429460.7638819264 269275.61647865 12500.0
0 21674.85158833844 490405.66895808047 12500.0 10800.01345053808 2421674.8515883386 486617.8926247313 12500.0
0 238552.30748450747 403617.16475784045 12500.0 10801.67401986993 2638552.3074845076 445875.41344230564 12500.0
0 191338.57628136536 432192.998399357 12500.0 10819.749131407094 2591338.5762813655 286986.24642483547 12500.0
0 15393.626316739263 218306.17684271195 12500.0 10800.015065348936 2415393.6263167392 214297.47172254298 12500.0
0 333916.60268387385 252316.24063043555 12500.0 10800.006303084676 2733916.602683874 254909.17184521927 12500.0
0 282608.08186440653 378749.38811969414 12500.0 10804.685098610435 2682608.0818644064 308049.15844699 12500.0
0 79622.89871015176 243005.25190330166 12500.0 10808.306498865208 2479622.8987101517 337152.33237359533 12500.0
0 381863.28353963554 387286.9923244492 12500.0 10826.157982107447 2781863.2835396356 554426.5663704715 12500.0
0 393665.40931728814 445185.1188731894 12500.0 10800.000782086836 2793665.409317288 446098.47859881306 12500.0
0 291805.68263865734 240098.8683742801 12500.0 10871.847498273497 2691805.6826386573 517393.3836166331 12500.0
0 353487.75830024853 207240.24592026655 12500.0 10878.110289126404 2753487.7583002485 496409.63644198555 12500.0
0 220854.56873490172 284556.0453064082 12500.0 10823.202495494052 2620854.568734902 441959.71107837214 12500.0
0 167337.51302738796 290108.02306694654 12500.0 10801.265664837716 2567337.513027388 253364.0221945923 12500.0
0 11963.877736212902 465915.9880289117 12500.0 10811.435314347635 2411963.8777362127 355443.7008335285 12500.0
0 49808.35815502074 222945.3804588065 12500.0 10917.168341878805 2449808.3581550205 577427.4129429874 12500.0
0 107944.1025458577 383873.6012855353 12500.0 10810.50443260978 2507944.102545858 489751.7253683446 12500.0
0 261609.7346093329 332696.38306217606 12500.0 10800.550456302419 2661609.734609333 356927.9400141303 12500.0
0 312638.66120072175 480897.0344249648 12500.0 10800.825765787771 2712638.6612007217 510576.1603188959 12500.0
0 181556.20881109126 334588.9940013956 12500.0 10864.614255942373 2581556.2088110913 597511.1230567041 12500.0
0 133365.82853907166 564489.0271508067 12500.0 10805.587868188788 2533365.8285390716 487275.4618011192 12500.0
0 115678.54251549546 509991.3939241574 12500.0 10825.57088143571 2515678.5425154953 344740.3826105018 12500.0
0 284049.9109207169 531792.7406468046 12500.0 10831.579892674545 2684049.910920717 348123.28830636607 12500.0
0 125408.23058556896 253894.22277507698 12500.0 10801.520282206699 2525408.230585569 213623.2842460542 12500.0
0 249082.7684802995 378275.1199222734 12500.0 10817.052595116535 2649082.7684802995 513196.55943565257 12500.0
0 276004.1855685557 536029.8819689665 12500.0 10844.369382168281 2676004.1855685557 318258.07968032506 12500.0
0 249128.31362657118 309630.6667062386 12500.0 10852.507950143581 2649128.313626571 546579.2528812813 12500.0
0 71774.50390316645 406600.8937898028 12500.0 10823.201217938875 2471774.5039031664 249201.56613761338 12500.0
0 215819.85687981467 411924.41211822606 12500.0 10827.299488075509 2615819.8568798145 582676.4458143638 12500.0
0 213722.1113195261 552338.60628936 12500.0 10805.27088453227 2613722.111319526 477347.614856459 12500.0
0 115633.14919920966 536337.0558040182 12500.0 10806.521847116768 2515633.1491992096 452918.00885917584 12500.0
0 311282.1585226245 434692.64690836915 12500.0 10807.140228077422 2711282.1585226245 347407.1329067085 12500.0
0 397000.00410344556 368333.3671860849 12500.0 10814.97485828385 2797000.0041034454 241904.50946452672 12500.0
0 397399.35386470926 239402.51727618734 12500.0 10847.439263777358 2797399.3538647094 464598.02425269067 12500.0
0 166772.4839618068 299014.71251555806 12500.0 10816.088942660459 2566772.4839618066 430065.54904532945 12500.0
0 206650.72632098474 518565.8456673522 12500.0 10804.088503454646 2606650.726320985 584610.4959141058 12500.0
0 22805.743212328 454418.9765412173 12500.0 10815.801483746036 2422805.743212328 584292.9393378114 12500.0
0 399333.1173899681 425652.3696265662 12500.0 10827.599453772878 2799333.117389968 253963.59991067968 12500.0
0 214853.35584657284 379676.3673132517 12500.0 10800.204265497465 2614853.3558465727 364915.430426999 12500.0
0 379018.68128340086 243751.73415946786 12500.0 10855.185277433147 2779018.681283401 486681.12057711364 12500.0
0 40230.232938039335 586953.4961813292 12500.0 10889.287460823507 2440230.232938039 277706.58899813256 12500.0
0 397692.008161164 329658.60722366004 12500.0 10813.68119951718 2797692.008161164 208817.70890796627 12500.0
0 249887.16160086822 489179.5838864656 12500.0 10846.39512231403 2649887.161600868 266481.52118997305 12500.0
0 275066.4289787189 382097.3985843489 12500.0 10831.559167288944 2675066.428978719 565706.4833916156 12500.0
0 235067.6940637394 242022.05256941775 12500.0 10815.02841146063 2635067.6940637394 368676.93324928003 12500.0
0 211899.95330425267 280155.6955884218 12500.0 10843.34278465609 2611899.9533042526 495388.2996577972 12500.0
0 313097.87928033114 377065.57444908115 12500.0 10801.706870981487 2713097.879280331 334394.6680574855 12500.0
0 284875.5493834757 429592.3287598236 12500.0 10801.228206813626 2684875.5493834754 393396.1720397942 12500.0
0 300135.7746091771 408492.0758044644 12500.0 10822.949396853957 2700135.774609177 251950.1795686356 12500.0
0 115826.21288968244 258649.46869716182 12500.0 10875.995513354483 2515826.2128896825 543863.5668809772 12500.0
0 328610.74367566034 573212.4690518321 12500.0 10804.61079931926 2728610.7436756603 503075.2051264969 12500.0
0 99870.16915274825 272273.50625740667 12500.0 10800.453820308703 2499870.1691527483 294275.4417736679 12500.0
0 106235.89346478446 587652.3302616649 12500.0 10863.807200463838 2506235.8934647846 326382.2236953308 12500.0
0 164604.0417370482 308907.3674735134 12500.0 10803.753614516967 2564604.041737048 245625.8435619878 12500.0
0 247247.77621173378 243701.748405236 12500.0 10874.451673242062 2647247.776211734 525993.8826748166 12500.0
0 301548.3245159672 472332.4209028643 12500.0 10800.009114705686 2701548.324515967 475450.490311311 12500.0
0 120279.9433338468 556706.791580781 12500.0 10830.645665270129 2520279.943333847 375778.3865829947 12500.0
0 118326.6222717358 567322.4075869998 12500.0 10800.748295033944 2518326.6222717357 539069.8144109994 12500.0
0 183530.4374735845 481820.2641118402 12500.0 10869.489805793246 2583530.4374735844 209128.27595106352 12500.0
0 104019.80948476242 571895.0676522809 12500.0 10820.371161507477 2504019.8094847626 424417.16425903613 12500.0
0 18121.783088818065 400030.7953907157 12500.0 10800.978771082453 2418121.783088818 432342.8642851388 12500.0
0 369412.6023096494 348287.6919411444 12500.0 10813.148743363367 2769412.6023096493 466752.302711512 12500.0
0 168274.33311503436 488908.18357284553 12500.0 10810.577528800988 2568274.3331150343 382662.1364500092 12500.0
0 174104.14192607053 510495.05041127716 12500.0 10822.50551961287 2574104.1419260707 355476.0197912513 12500.0
0 145357.56019484243 594195.3320640905 12500.0 10828.472102719634 2545357.5601948425 419809.9097237769 12500.0
0 10960.742187871154 297346.455441948 12500.0 10824.36463837689 2410960.742187871 458648.23144099925 12500.0
0 85142.82775296026 249853.2561113672 12500.0 10876.85751232981 2485142.8277529604 536686.0540987251 12500.0
0 349550.2978854419 260032.7658735223 12500.0 10806.694692912357 2749550.297885442 344550.33240761136 12500.0
0 21065.756650289648 482913.9897192494 12500.0 10800.340080015467 2421065.7566502895 463867.78989284637 12500.0
0 198813.77442465737 216948.8451536365 12500.0 10875.13158149012 2598813.774424657 500531.4731475629 12500.0
0 24693.330002907744 366469.23247958935 12500.0 10819.464215477334 2424693.3300029077 510623.79801659874 12500.0
0 347844.9564443322 564801.7466834389 12500.0 10907.643479712926 2747844.9564443324 225107.89173813385 12500.0
0 39332.21884490665 459042.73008462164 12500.0 10800.377656520504 2439332.2188449064 438971.83909657225 12500.0
0 135100.33823356827 345587.0646966893 12500.0 10800.19841004909 2535100.3382335682 360134.8937348179 12500.0
0 57006.36297427764 311780.96241338336 12500.0 10814.831571874089 2457006.3629742777 437603.0841615606 12500.0
0 61142.627681394224 566199.6341390724 12500.0 10907.623738127733 2461142.627681394 226537.08463706347 12500.0
0 398649.43639818527 330537.0540388905 12500.0 10836.895308318632 2798649.4363981853 529087.3460114519 12500.0
0 392414.4788057393 570822.2154928738 12500.0 10814.975185707082 2792414.4788057394 444391.97464643134 12500.0
0 247163.9407364024 365976.9180552837 12500.0 10804.87877710456 2647163.9407364023 438124.02015892253 12500.0
0 156308.89386304223 214839.44383645977 12500.0 10926.920554787928 2556308.8938630424 583861.6962115647 12500.0
0 5774.773549199664 336282.4558885732 12500.0 10846.772707927868 2405774.7735491996 559886.8439116048 12500.0
0 360792.0392308097 358922.2750516201 12500.0 10800.013643702998 2760792.0392308095 355107.39728287 12500.0
0 150578.93621158449 248617.86628960728 12500.0 10847.437833636814 2550578.9362115846 473809.9713433506 12500.0
0 178950.5356499404 490711.2826721976 12500.0 10805.456598005992 2578950.5356499404 567012.2757862239 12500.0
0 392995.3970909656 274862.9718628255 12500.0 10800.01017839179 2792995.3970909654 271567.98227884306 12500.0
0 243654.3463947952 494377.74380093877 12500.0 10866.243753499624 2643654.346394795 228150.94821142824 12500.0
0 345552.76357929356 335404.35375756514 12500.0 10850.948056130199 2745552.7635792936 568798.389971082 12500.0
0 243552.56996492486 393999.7803188563 12500.0 10805.796685409117 2643552.569964925 315356.34168955084 12500.0
0 261690.03600602952 542432.2444414712 12500.0 10802.143970454537 2661690.0360060297 494608.3088942318 12500.0
0 51172.85023504912 204985.11346810134 12500.0 10895.797112966877 2451172.850235049 525354.8633492049 12500.0
0 180836.53841200672 219223.64631224092 12500.0 10803.688026222915 2580836.5384120066 281949.7678138708 12500.0
0 264378.7124707987 482350.80725166155 12500.0 10800.70661339098 2664378.7124707988 509805.2350783483 12500.0
0 144204.893901117 291330.8910832824 12500.0 10832.03722126755 2544204.893901117 476327.43598603946 12500.0
0 284908.6814135808 315602.814666854 12500.0 10804.071832418345 2684908.6814135807 381512.6520919902 12500.0
0 376735.3556951486 481969.5459810868 12500.0 10803.623406705437 2776735.3556951485 419795.47178688925 12500.0
0 63988.16938730039 325799.16498205555 12500.0 10805.523385677208 2463988.1693873005 249032.5189271428 12500.0
0 39959.7769022539 562643.2438792117 12500.0 10914.745272789036 2439959.7769022537 211865.31688310576 12500.0
0 311767.9006139391 353592.7723394524 12500.0 10834.600299114705 2711767.900613939 545858.4888800312 12500.0
0 58178.203227952974 465304.9690320217 12500.0 10855.862567610713 2458178.203227953 220885.56760256496 12500.0
0 313130.84460204525 327455.57456705195 12500.0 10805.584013822876 2713130.844602045 250268.65064903232 12500.0
0 100864.81166157628 304267.318713209 12500.0 10864.353961060715 2500864.8116615764 566657.7535749752 12500.0
0 72368.12424666432 504866.6965342964 12500.0 10842.644387272494 2472368.1242466643 291378.6381928403 12500.0
0 141587.89071445627 510453.2799830366 12500.0 10800.521706792704 2541587.8907144563 486863.01320968254 12500.0
0 29616.52541742872 512951.10665943596 12500.0 10861.573421968666 2429616.525417429 256308.27940521107 12500.0
0 277066.2866900719 229811.67224555553 12500.0 10831.926322879235 2677066.286690072 414487.27896645415 12500.0
0 36365.496157753485 348914.26548685675 12500.0 10813.138968047951 2436365.4961577533 467334.80556312815 12500.0
0 1140.551798055034 293007.10508001904 12500.0 10800.048416391894 2401140.551798055 300193.49966376583 12500.0
0 398050.9420929124 214589.38722939623 12500.0 10847.956318123574 2798050.9420929123 441011.50802600617 12500.0
0 72768.23000917192 224914.6200462276 12500.0 10825.500961929063 2472768.230009172 389939.2836315849 12500.0
0 199323.61059697127 435368.21678635816 12500.0 10824.69485833076 2599323.610596971 272975.79830912506 12500.0
0 154537.49431673915 344384.3788853796 12500.0 10803.481149083033 2554537.494316739 283443.22589315195 12500.0
0 167204.5578973504 366249.29492905876 12500.0 10800.568082291225 2567204.5578973503 341632.82928833156 12500.0
0 138195.85232378685 571523.1162107469 12500.0 10914.754595378998 2538195.852323787 220730.86455800288 12500.0
0 65600.01733847054 324579.6580601916 12500.0 10808.211804016457 2465600.0173384706 230970.96360258086 12500.0
0 28713.174958208576 542726.782649051 12500.0 10800.248373072644 2428713.1749582086 559003.5858937643 12500.0
0 174355.35265937855 235627.57324339057 12500.0 10910.168953039465 2574355.3526593787 579303.1727871895 12500.0
0 87847.95635705671 401272.81046183733 12500.0 10807.573724545053 2487847.9563570567 491169.81915336876 12500.0
0 51051.59073765941 545371.3828737902 12500.0 10802.042186215684 2451051.5907376595 592046.1931596879 12500.0
0 278420.80626631866 366794.4947719092 12500.0 10805.254912318254 2678420.8062663185 291917.2387753852 12500.0
0 44155.38344003784 206134.19200774556 12500.0 10815.94071793998 2444155.3834400377 336579.5098151671 12500.0
0 255771.98432780945 520255.08143031533 12500.0 10800.323781392704 2655771.9843278094 538839.2681462436 12500.0
0 202679.77280158692 281322.03948274493 12500.0 10882.186996692812 2602679.772801587 577969.465491363 12500.0
0 323202.83826709224 589158.8359805903 12500.0 10829.973798790714 2723202.838267092 410227.51147713326 12500.0
0 315491.800980689 348804.25729971484 12500.0 10812.957083909727 2715491.800980689 466401.79201678897 12500.0
0 91759.78980804738 311731.596008935 12500.0 10860.477559517833 2491759.7898080475 566073.9162026125 12500.0
0 203721.96980162003 535965.5703733097 12500.0 10801.184832995015 2603721.96980162 571516.8176967119 12500.0
0 310859.18959618517 249526.20466343412 12500.0 10884.022704803547 2710859.189596185 549480.953405302 12500.0
0 64225.48565319501 547436.815969987 12500.0 10812.621827403156 2464225.485653195 431371.5336936494 12500.0
0 38107.45774474133 581076.6758298589 12500.0 10830.828320298107 2438107.4577447413 399609.1187836449 12500.0
0 47415.46988313607 361811.9912009478 12500.0 10802.173422507933 2447415.469883136 313660.66085422906 12500.0
0 357413.71156813996 462490.2263353154 12500.0 10800.141539170587 2757413.71156814 474777.4597339416 12500.0
0 319679.6534602339 448719.36429643584 12500.0 10841.713938996183 2719679.653460234 237577.71328623267 12500.0
0 28230.01678805528 581723.3627513223 12500.0 10840.562641412982 2428230.016788055 373521.37364793255 12500.0
0 244996.1284318056 556280.6302197349 12500.0 10814.58376923649 2644996.1284318054 431514.75528863515 12500.0
0 134216.60726164747 202856.38419990768 12500.0 10850.512262523707 2534216.6072616475 435247.74835144734 12500.0
0 288138.62154574844 549833.9778373411 12500.0 10802.383632245414 2688138.6215457483 499407.57959510427 12500.0
0 305565.0824613218 422636.14204197587 12500.0 10800.374306132455 2705565.0824613217 442617.80346905795 12500.0
0 298775.62391743326 250399.0274838256 12500.0 10800.000615088511 2698775.6239174334 251209.02404514744 12500.0
0 274902.4024454023 307590.24018515396 12500.0 10861.5657876545 2674902.4024454025 564217.1115153554 12500.0
0 218145.605321619 255722.31735523482 12500.0 10848.426510334977 2618145.605321619 483254.1900528211 12500.0
0 254393.08301800163 582268.7536749225 12500.0 10822.503886586952 2654393.0830180016 427255.3531885342 12500.0
0 139053.91170837186 234707.9960005673 12500.0 10800.905363896554 2539053.9117083717 203631.28497980814 12500.0
0 24768.89506086528 559048.8882375037 12500.0 10889.993681789081 2424768.895060865 248576.33805775575 12500.0
0 50232.83015027409 455178.8209922878 12500.0 10836.88670322453 2450232.830150274 256651.72379342726 12500.0
0 179998.74260908447 474827.96054877614 12500.0 10808.369163175854 2579998.7426090846 380326.287040654 12500.0
0 162568.94253395178 309618.9418302008 12500.0 10837.606221763437 2562568.9425339517 510076.27302540286 12500.0
0 34338.65335562407 299740.0300534929 12500.0 10822.608454384916 2434338.653355624 455113.5357352662 12500.0
0 247380.4798291619 375873.43115757994 12500.0 10815.663035871932 2647380.479829162 246570.09261084345 12500.0
0 346857.57309991814 306234.0778036294 12500.0 10801.103077829881 2746857.573099918 271931.36012984684 12500.0
0 61469.31246770171 442789.5563012072 12500.0 10801.583861648787 2461469.3124677017 401685.100244344 12500.0
0 393891.3377809999 265674.018904719 12500.0 10801.724771083489 2793891.337781 308568.10623426404 12500.0
0 369040.5318562141 336117.7025486905 12500.0 10802.173738838355 2769040.531856214 287962.86788812856 12500.0
0 269053.4077213811 383814.24335971504 12500.0 10830.775041188255 2669053.407721381 565124.6984560319 12500.0
0 162872.52785050406 294299.31904836016 12500.0 10805.345147471044 2562872.527850504 218781.76129069686 12500.0
0 55790.287796178185 534698.7695639217 12500.0 10843.346207635877 2455790.2877961784 319457.64968556835 12500.0
0 89241.54823263807 451577.474103183 12500.0 10829.855846764027 2489241.5482326383 272999.0462396202 12500.0
0 7193.257443133661 243092.10638814454 12500.0 10804.322863006653 2407193.2574431337 311003.6421955318 12500.0
0 12046.986182783081 401102.50274656573 12500.0 10827.673091081706 2412046.9861827833 573020.4514981578 12500.0
0 102793.2186129655 538526.7835866285 12500.0 10800.918583266193 2502793.2186129657 569829.5601329356 12500.0
0 194565.32455027054 304534.38757168845 12500.0 10822.040026645038 2594565.3245502706 457940.2220105001 12500.0
0 307818.7136575318 523312.0193207368 12500.0 10831.696268211846 2707818.713657532 339303.96168792446 12500.0
0 155802.17591217443 218919.36157862758 12500.0 10800.001312999088 2555802.1759121744 220102.80251262238 12500.0
0 33733.348584600484 214306.24682641577 12500.0 10878.817572351261 2433733.3485846003 504786.6299212018 12500.0
0 171507.18077610974 415478.80950803455 12500.0 10807.606532562375 2571507.18077611 505570.3850544786 12500.0
0 299851.75094224507 511608.2371086943 12500.0 10847.410373500144 2699851.750942245 286481.4622759436 12500.0
0 357416.18770341034 574427.5570054777 12500.0 10800.117053271588 2757416.18770341 563253.5917449407 12500.0
0 330621.8787016759 485494.9138104841 12500.0 10870.25239230078 2730621.8787016757 211305.91237229685 12500.0
0 160138.10607311528 408250.72763156117 12500.0 10800.93056922515 2560138.1060731155 376744.3800662595 12500.0
0 346890.3529893941 255366.1198824349 12500.0 10801.229636252387 2746890.352989394 219148.90478414463 12500.0
0 55562.66580525895 330311.9274315467 12500.0 10800.644803033036 2455562.665805259 356538.0677080601 12500.0
0 348825.93330456596 257450.27431988064 12500.0 10800.912761175203 2748825.933304566 288653.68859756744 12500.0
0 263925.78360151016 384287.1974909748 12500.0 10834.063391835614 2663925.7836015103 575052.9808856989 12500.0
0 36687.2071667983 549575.3204762745 12500.0 10800.885657614504 2436687.2071667984 580311.9466859042 12500.0
0 353792.0689495955 522930.75606303656 12500.0 10800.869795559205 2753792.0689495956 553390.8822944228 12500.0
0 37449.232659345456 380784.4217187986 12500.0 10829.888156080473 2437449.2326593455 559459.5836522823 12500.0
0 355015.2139899778 241393.90795587073 12500.0 10891.823148576479 2755015.2139899777 555019.5792932167 12500.0
0 268308.6536891216 223414.89824978443 12500.0 10805.143522395681 2668308.653689122 297494.11496476975 12500.0
0 338903.20120900654 376279.2137968663 12500.0 10805.748858589292 2738903.2012090064 454597.4613288659 12500.0
0 377101.34127810964 353104.6436158409 12500.0 10806.298396069467 2777101.3412781097 435081.76324619853 12500.0
0 146633.26669024376 364614.07555917546 12500.0 10836.389768229397 2546633.266690244 561797.1025234766 12500.0
0 233059.89430658342 485226.5188747886 12500.0 10802.143583084235 2633059.8943065833 533046.133409176 12500.0
0 280776.8901586756 322589.35068053217 12500.0 10818.561325242337 2680776.8901586756 463357.8144659464 12500.0
0 180613.23509368816 403019.0944331093 12500.0 10827.389172462194 2580613.235093688 231986.45846702126 12500.0
0 81576.03705810162 203378.96581097157 12500.0 10800.01072609625 2481576.0370581015 206761.44641174012 12500.0
0 179386.49110716084 416931.3784241072 12500.0 10803.88811641338 2579386.4911071607 352525.86068706063 12500.0
0 136155.32838905454 293588.2912486765 12500.0 10870.7379640058 2536155.3283890546 568726.3156078074 12500.0
0 84342.12790091138 356354.7727425483 12500.0 10819.6878088168 2484342.1279009115 501335.70469591644 12500.0
0 296336.8900877264 446698.5210183675 12500.0 10800.738937685162 2696336.8900877265 474773.90457583225 12500.0
0 291549.9420692341 423906.80174687656 12500.0 10825.504847500817 2691549.9420692343 588944.0520521672 12500.0
0 29326.20244064541 375545.15678162064 12500.0 10801.605403304096 2429326.2024406455 334162.0990636752 12500.0
0 241498.3945528502 262025.92299024062 12500.0 10800.001142529256 2641498.39455285 263129.86951884325 12500.0
0 348599.9137811763 597097.4753896144 12500.0 10801.654277782263 2748599.9137811763 555089.1653758083 12500.0
0 163703.3017050638 345244.81309946394 12500.0 10827.856078506535 2563703.301705064 517730.9559461253 12500.0
0 5940.242631077108 240351.54208727897 12500.0 10907.207476300673 2405940.2426310773 579353.339749531 12500.0
0 214999.6697721441 330819.57948284346 12500.0 10863.114065440946 2614999.669772144 590662.5708963355 12500.0
0 20065.889313382446 568748.3953913901 12500.0 10828.550762901716 2420065.8893133826 394121.93341698963 12500.0
0 223557.3485350622 527397.6270220987 12500.0 10829.00236491943 2623557.3485350623 351393.66811171354 12500.0
0 101439.57347629083 526209.4111648774 12500.0 10819.508119406752 2501439.573476291 381892.2115005776 12500.0
0 163039.55513533019 239453.6828153546 12500.0 10905.866739747076 2563039.55513533 576318.6295695103 12500.0
0 57359.93330010994 395563.7517267246 12500.0 10800.446834993154 2457359.93330011 373731.80603869515 12500.0
0 114217.53480881876 274040.77555401454 12500.0 10837.84471938276 2514217.5348088187 475133.85779719683 12500.0
0 167213.96548992305 584028.5474138191 12500.0 10826.038253824785 2567213.965489923 417272.3828097467 12500.0
0 24594.39960030747 200019.42534975611 12500.0 10810.961817745747 2424594.3996003075 308179.2122122714 12500.0
0 346697.4287942425 217540.03167960132 12500.0 10830.597510514977 2746697.4287942424 398326.0295495689 12500.0
0 352768.297797672 247004.6623780477 12500.0 10807.739569848143 2752768.297797672 337880.94774741586 12500.0
0 146648.15359470408 236142.24802791243 12500.0 10821.981668203183 2546648.153594704 389344.6441226645 12500.0
0 337772.6373507181 239166.0051273959 12500.0 10807.10867811217 2737772.637350718 326258.4012256999 12500.0
0 203788.06103173574 468646.2092682438 12500.0 10827.610335034822 2603788.0610317355 296923.55498892145 12500.0
0 289508.2386453498 546223.5369206225 12500.0 10811.645348549004 2689508.2386453496 434740.7933517468 12500.0
0 152505.8877117558 326091.7537873633 12500.0 10827.703641364915 2552505.887711756 498104.6940452161 12500.0
0 231191.2661163449 516749.18865806167 12500.0 10820.521989819039 2631191.266116345 368725.811765975 12500.0
0 392577.94400449865 578230.782438891 12500.0 10879.68567774096 2792577.9440044984 286149.2407681132 12500.0
0 155593.67847277707 284680.99466250185 12500.0 10800.007131760894 2555593.678472777 281922.8768021227 12500.0
0 325602.66045176156 295719.07281291916 12500.0 10800.528359267078 2725602.6604517614 319459.27087592735 12500.0
0 196611.84641747703 388800.7525284413 12500.0 10840.302105265459 2596611.846417477 596331.7686155811 12500.0
0 318992.25536885695 555885.9163003099 12500.0 10800.658502337712 2718992.2553688567 582389.1973642752 12500.0
0 386886.49225278076 554913.3777058806 12500.0 10896.035034450151 2786886.4922527806 234144.28095499967 12500.0
0 245618.86515976785 281823.84670204524 12500.0 10884.35097108408 2645618.8651597677 582366.2421205619 12500.0
0 200179.79210614553 256924.65713537196 12500.0 10880.426068786524 2600179.7921061455 550364.9943803371 12500.0
0 326255.2251195628 265267.3791697924 12500.0 10800.012145299064 2726255.225119563 261668.07466000525 12500.0
0 343977.396343444 522454.8317276582 12500.0 10843.19066032372 2743977.396343444 307601.02600465674 12500.0
0 341289.679237845 534583.491100596 12500.0 10822.803665996935 2741289.679237845 378539.9402444715 12500.0
0 74586.54450956006 311642.6445331475 12500.0 10800.585422602751 2474586.54450956 286653.292786969 12500.0
0 113808.30986297643 225056.0905323965 12500.0 10810.925284305631 2513808.3098629764 333035.39875571337 12500.0
0 232223.7410170948 252995.44869351908 12500.0 10801.46498886778 2632223.741017095 213463.67948054947 12500.0
0 217314.97437962398 437178.1827394225 12500.0 10850.967454803711 2617314.974379624 203739.61332693504 12500.0
0 162475.93543088806 401928.7405021176 12500.0 10838.052433504958 2562475.935430888 200283.5869017746 12500.0
0 32385.8487903133 392935.3281197967 12500.0 10811.799496239686 2432385.848790313 280716.7700082711 12500.0
0 94257.73635435784 360053.9012108675 12500.0 10814.696101702883 2494257.736354358 234808.11378262576 12500.0
0 114862.71261123182 438298.28621365124 12500.0 10818.246001199535 2514862.712611232 298731.66555009637 12500.0
0 369779.65633352194 347259.7605836787 12500.0 10802.024402620533 2769779.656333522 393730.8825388915 12500.0
0 145732.2444223947 311527.69283655257 12500.0 10801.816789690469 2545732.244422395 267504.1536566939 12500.0
0 49866.22533412697 288084.72590245213 12500.0 10815.334806390047 2449866.225334127 416025.1005783108 12500.0
0 275171.6322708302 576969.6001178366 12500.0 10830.976374570764 2675171.63227083 395066.18978186685 12500.0
0 315427.3059910032 485364.4268961229 12500.0 10801.99339374611 2715427.3059910033 439250.62320786016 12500.0
0 220202.8786718194 552256.5133863682 12500.0 10800.17381785247 2620202.8786718193 538640.082088735 12500.0
0 356425.76576632535 471869.3642726125 12500.0 10802.292804371706 2756425.7657663254 422413.1452597352 12500.0
0 58304.93797767855 493202.126801128 12500.0 10824.988153016997 2458304.9379776786 329847.0998278251 12500.0
0 311708.60015289555 568087.5050423479 12500.0 10802.028498740012 2711708.600152896 521569.388252237 12500.0
0 243982.441162002 563534.3410255803 12500.0 10886.067449034806 2643982.441162002 259937.42624634865 12500.0
0 318004.0839830068 201905.6155293818 12500.0 10800.851405251791 2718004.083983007 232041.99552090038 12500.0
0 141728.07031581635 357529.6849886559 12500.0 10811.368524421781 2541728.0703158164 467678.713297728 12500.0
0 229766.5058050013 333351.05805104296 12500.0 10801.550053199306 2629766.505805001 292687.69949102873 12500.0
0 14854.200476488932 217740.99911427268 12500.0 10821.978677343317 2414854.200476489 370932.9617815388 12500.0
0 67110.50851505109 374194.11309257225 12500.0 10841.557442494799 2467110.508515051 584938.5641466647 12500.0
0 1926.7480640684287 356945.4624570433 12500.0 10801.098054335791 2401926.7480640686 322720.9463893189 12500.0
0 183926.41933989731 295719.2390329732 12500.0 10804.475387579048 2583926.419339897 226619.77563386434 12500.0
0 35736.342732773395 239312.72618608546 12500.0 10818.569975057404 2435736.342732773 380114.0142717974 12500.0
0 362700.74976475746 242623.30684856942 12500.0 10808.550832967696 2762700.749764757 338145.55139037134 12500.0
0 15365.289596740438 565798.2801953063 12500.0 10860.271079323073 2415365.2895967406 311891.72439071484 12500.0
0 321300.6974489442 591855.6029152356 12500.0 10924.575645870487 2721300.697448944 226277.89049339687 12500.0
0 153017.94174017484 534466.2541883786 12500.0 10818.609942994328 2553017.941740175 393513.3947793097 12500.0
0 367537.140527619 209646.0299614403 12500.0 10833.610360776034 2767537.140527619 399137.0244526765 12500.0
0 284396.96244936954 286968.2217016527 12500.0 10885.270212640602 2684396.9624493695 589150.2126677546 12500.0
0 52939.122596245936 579656.1146251698 12500.0 10834.706627765821 2452939.1225962457 387094.7298634176 12500.0
0 198430.99044392965 495940.3847623089 12500.0 10804.764242941761 2598430.9904439296 567235.4058177923 12500.0
0 386504.92876644444 573298.2715020014 12500.0 10807.771493690918 2786504.9287664443 482234.69044749986 12500.0
0 58705.53745581941 528812.797984197 12500.0 10837.55322777338 2458705.5374558195 328497.00226188573 12500.0
0 277721.419490135 243203.9623459442 12500.0 10814.089906377027 2677721.419490135 365837.71461395564 12500.0
0 12500.565196110047 555523.506207052 12500.0 10800.792296712816 2412500.56519611 526452.0856555433 12500.0
0 119411.29009872302 398278.0330451849 12500.0 10800.035579977377 2519411.290098723 392117.510471246 12500.0
0 73307.3025264372 364571.4986734011 12500.0 10800.271508320586 2473307.302526437 381589.50430349156 12500.0
0 223359.07688004317 477637.8931001045 12500.0 10826.399992506198 2623359.0768800434 309725.98237054906 12500.0
0 176574.3671135732 328820.42169326055 12500.0 10803.099191805471 2576574.367113573 271320.17027651455 12500.0
0 290783.6523596584 455912.6904194779 12500.0 10812.369721373225 2690783.6523596584 570812.3227709146 12500.0
0 194093.82002611712 366670.6699158681 12500.0 10820.866830583514 2594093.820026117 515933.70979083487 12500.0
0 347567.20951660257 571937.4726011894 12500.0 10862.857294150352 2747567.2095166026 312625.12525689043 12500.0
0 206711.12806768884 495087.8311077615 12500.0 10805.769976622605 2606711.128067689 573549.8334482864 12500.0
0 259573.49074907156 213427.18346447445 12500.0 10807.601774884719 2659573.4907490714 303490.56978282135 12500.0
0 292313.62911322876 499886.85213871376 12500.0 10806.996274415447 2692313.629113229 586287.7195410185 12500.0
0 301636.33296837535 459218.8981448024 12500.0 10809.685317702242 2701636.332968375 560883.2375832321 12500.0
0 268176.19859244564 483342.4256447141 12500.0 10809.162463342702 2668176.198592446 582223.3638861141 12500.0
0 225361.38846156147 234055.5047256065 12500.0 10800.08072495313 2625361.3884615614 224776.1222852251 12500.0
0 300502.22471719637 340239.030003106 12500.0 10840.848071824099 2700502.2247171965 549173.6486822079 12500.0
0 3368.0823971821815 577273.4431704894 12500.0 10808.676513860026 2403368.082397182 481051.4823627148 12500.0
0 169914.16037793618 346212.6353870458 12500.0 10800.000640756187 2569914.160377936 345385.9109544181 12500.0
0 283272.0857943019 320059.4157078566 12500.0 10835.076798060347 2683272.0857943017 513646.6334097581 12500.0
0 148727.06410165585 564854.2740517904 12500.0 10812.88349663684 2548727.064101656 447591.3507667727 12500.0
0 158767.83289943618 557730.6672347791 12500.0 10800.138396818058 2558767.8328994364 569880.7379529322 12500.0
0 262951.1837769455 339857.6003492325 12500.0 10827.44890962846 2662951.1837769453 511076.8865904856 12500.0
0 358089.21873196994 482443.63791793445 12500.0 10860.551163565053 2758089.21873197 227946.15907677828 12500.0
0 367694.45551278855 255864.2177117969 12500.0 10822.719717761562 2767694.4555127886 411619.9760580594 12500.0
0 227163.55989351 410170.8501967316 12500.0 10801.019659068023 2627163.55989351 443150.9606068034 12500.0
0 195845.85563936154 383707.090985507 12500.0 10801.097394668786 2595845.855639362 349492.8573429679 12500.0
0 225480.70737334123 465649.8867874937 12500.0 10814.380800843866 2625480.707373341 341755.844909518 12500.0
0 294423.37296642864 202069.60893860168 12500.0 10867.045674968715 2694423.3729664288 469907.933292866 12500.0
0 366847.2684263051 433030.1479112545 12500.0 10813.54236390711 2766847.268426305 553255.9552132635 12500.0
0 121484.97073822733 201270.277989512 12500.0 10876.6857305831 2521484.9707382275 487781.2160411178 12500.0
0 337854.6362131278 534135.1262116286 12500.0 10801.084300283937 2737854.636213128 500125.64181177586 12500.0
0 192127.43965184246 205587.90444893803 12500.0 10818.981434873214 2592127.439651842 347941.8864937485 12500.0
0 28837.060313329 356274.69898155634 12500.0 10801.282160877847 2428837.060313329 393257.3902269656 12500.0
0 283338.7038114562 315229.83000461676 12500.0 10828.721267660318 2683338.7038114564 490377.6395656262 12500.0
0 238391.23753665487 423937.2452668559 12500.0 10841.637695649755 2638391.237536655 212989.0129263268 12500.0
0 331079.3938405367 261079.62122110138 12500.0 10803.588049832792 2731079.3938405365 322949.55667509866 12500.0
0 302376.58141420706 294091.8443196016 12500.0 10800.085254594507 2702376.581414207 284555.6714462662 12500.0
0 48410.52143219185 454038.49427336105 12500.0 10819.613367447426 2448410.521432192 598744.8245668709 12500.0
0 357507.63954400516 399521.9887309425 12500.0 10818.84628552693 2757507.639544005 257676.1412854675 12500.0
0 236314.48587337666 499356.744353938 12500.0 10803.429522042556 2636314.4858733765 559844.2444362321 12500.0
0 32563.081445984386 466778.7467497824 12500.0 10800.003988407441 2432563.0814459845 468841.3427004548 12500.0
0 230463.13580290024 201054.46371910372 12500.0 10801.74712615381 2630463.1358029004 244225.65745975397 12500.0
0 16373.643561799556 229427.7456029504 12500.0 10807.48953746379 2416373.6435617995 318823.5508430953 12500.0
0 108461.28944780698 273894.6225175465 12500.0 10855.102220814515 2508461.289447807 516640.6641078574 12500.0
0 356309.9033227725 495468.68915666174 12500.0 10858.52975160493 2756309.9033227726 245266.9565744629 12500.0
0 97924.16884339889 363404.5242250606 12500.0 10800.405089440128 2497924.168843399 384191.6237433336 12500.0
0 329134.452837793 371583.21504996775 12500.0 10811.824687978786 2729134.452837793 259244.86290632345 12500.0
0 324507.70619495504 264037.7613839723 12500.0 10803.863270601192 2724507.706194955 328237.1305764853 12500.0
0 150815.7975905167 285822.786651588 12500.0 10815.812662631542 2550815.7975905165 415742.7151053244 12500.0
0 62839.0212118342 404092.85735463945 12500.0 10820.514243222211 2462839.021211834 552088.2673226306 12500.0
0 173544.87106150444 402798.79892692546 12500.0 10835.142847980072 2573544.8710615044 596568.4899067238 12500.0
0 388601.25423745095 586456.593267706 12500.0 10822.72924304525 2788601.254237451 430668.1535839404 12500.0
0 361109.97493511834 361902.3787844604 12500.0 10847.65513506335 2761109.974935118 587610.8030917359 12500.0
0 396243.95776513574 376126.1880990223 12500.0 10809.063712382518 2796243.957765136 474472.5998707404 12500.0
0 182346.08982050448 543886.0090915931 12500.0 10800.394835692525 2582346.0898205047 564408.33280399 12500.0
0 233739.52211808934 479971.4309342779 12500.0 10815.46468130517 2633739.5221180893 351490.0305299676 12500.0
0 171954.91720659425 371355.4595565931 12500.0 10832.721997437291 2571954.9172065943 558321.6047407606 12500.0
0 178488.12703283346 297487.79143800697 12500.0 10811.532712619199 2578488.1270328336 408429.79520242364 12500.0
0 222511.17558300923 355242.59577036375 12500.0 10810.329340601616 2622511.175583009 460234.1773898948 12500.0
0 262919.2354317023 512446.17181785585 12500.0 10803.429386003796 2662919.2354317023 572932.4720197818 12500.0
0 105662.48252890796 260318.835952922 12500.0 10836.572387690161 2505662.482528908 457996.8524466188 12500.0
0 377696.4877561242 585494.0259250404 12500.0 10909.60089138696 2777696.487756124 242710.0995007235 12500.0
0 248486.68644645778 587048.2303554756 12500.0 10802.57499201319 2648486.6864464576 534636.5371597596 12500.0
0 239514.38319984698 310318.09077197924 12500.0 10807.54926578172 2639514.383199847 400069.77353043796 12500.0
0 381357.0540246294 510124.8989113783 12500.0 10872.708028188668 2781357.0540246293 231169.1861346353 12500.0
0 312979.0202300297 507150.83537142735 12500.0 10865.536100716048 2712979.0202300297 242354.17395092896 12500.0
0 141596.35971139334 407657.8151395694 12500.0 10823.530435039644 2541596.3597113932 249144.4939359998 12500.0
0 27633.9266254388 568847.7997044035 12500.0 10864.776984378326 2427633.926625439 305593.8106943051 12500.0
0 384261.8392981988 310577.1048458472 12500.0 10878.21776511564 2784261.839298199 599946.0858617779 12500.0
0 385415.0780220835 254503.76948367187 12500.0 10842.090702014017 2785415.0780220833 466598.6458426264 12500.0
0 303680.8958942718 206661.12778693647 12500.0 10880.758920660492 2703680.895894272 500710.3123460778 12500.0
0 127623.48753187491 229157.19396073566 12500.0 10902.151434462554 2527623.487531875 560030.0314158901 12500.0
0 61686.4969913784 596332.3314567291 12500.0 10884.341590578684 2461686.4969913783 295806.7128695486 12500.0
0 107150.80878852113 320425.37352910935 12500.0 10813.921606443808 2507150.808788521 442324.0382464163 12500.0
0 149105.6729353176 214330.1412052278 12500.0 10855.821630868115 2549105.6729353177 458659.73859206284 12500.0
0 73112.96420896794 312610.92896530265 12500.0 10800.474431092885 2473112.964208968 290114.9082568893 12500.0
0 396073.33186710585 359883.0521087277 12500.0 10822.401913991496 2796073.331867106 514544.4804949314 12500.0
0 190399.01770545007 389414.91132261045 12500.0 10800.234007828562 2590399.01770545 373615.82734136033 12500.0
0 125294.4067807654 367240.511033763 12500.0 10814.497686260904 2525294.4067807654 491637.36823324993 12500.0
0 206507.77145650587 484725.7114454443 12500.0 10853.825543394505 2606507.771456506 244815.34480432092 12500.0
0 113693.01718484363 553568.1281701538 12500.0 10862.49327764944 2513693.017184844 295009.90281228133 12500.0
0 229673.89394252282 344411.59615470446 12500.0 10842.314718362639 2629673.893942523 557071.2328692477 12500.0
0 272637.5528495673 494569.88371673686 12500.0 10801.546713559968 2672637.5528495675 453950.35717223777 12500.0
0 317034.1366392498 435823.47247625963 12500.0 10800.000098507564 2717034.13663925 436147.62480957125 12500.0
0 36952.124953905986 578525.3059301664 12500.0 10855.878307453877 2436952.124953906 334071.3842706879 12500.0
0 107853.88243365231 399505.2243260712 12500.0 10800.635405722844 2507853.8824336524 425539.54863390187 12500.0
0 306713.2367162812 431772.6593203217 12500.0 10833.180703511991 2706713.236716281 243498.607038297 12500.0
0 379567.5374312403 245227.4949343032 12500.0 10897.808054426916 2779567.53743124 568957.3313249092 12500.0
0 150993.46904307307 369442.21466372244 12500.0 10810.162475457983 2550993.4690430732 265302.53026502224 12500.0
0 251297.92678170017 290352.4076175857 12500.0 10809.606970658804 2651297.9267817 391604.5339760995 12500.0
0 46926.35440849835 423587.5466741267 12500.0 10809.739062308987 2446926.3544084984 321641.3988933176 12500.0
0 71806.2630121469 440186.5185278358 12500.0 10800.009986993851 2471806.263012147 443450.3810199741 12500.0
0 159896.72255026034 484352.70110663 12500.0 10866.532957653635 2559896.7225502604 217543.61693560664 12500.0
0 387208.5618162648 358065.7262850613 12500.0 10822.268113060845 2787208.561816265 203867.3434055873 12500.0
0 381051.8496982231 386241.38315220014 12500.0 10825.944341019018 2781051.849698223 219786.57338124013 12500.0
0 36621.073449320684 223928.83323267582 12500.0 10800.196776000746 2436621.0734493206 238416.63199349662 12500.0
0 282458.4047504008 442420.5847212615 12500.0 10800.465472316675 2682458.4047504007 420137.97930952365 12500.0
0 263606.414342689 388914.3864534059 12500.0 10802.923288523227 2663606.414342689 444758.78125264146 12500.0
0 373180.00136696553 547859.7105939492 12500.0 10826.826615563317 2773180.0013669655 378594.842038995 12500.0
0 56372.364178743825 501227.3711983532 12500.0 10800.371214778528 2456372.3641787437 521126.3469355361 12500.0
0 366049.6461033241 291168.59554274636 12500.0 10885.632002288572 2766049.646103324 593993.4921209678 12500.0
0 265561.31273265317 569276.0710473072 12500.0 10867.951316655317 2665561.312732653 299629.2218748301 12500.0
0 132828.34853707338 235528.92528255115 12500.0 10826.037287620484 2532828.3485370735 402281.99221332563 12500.0
0 210227.28785471045 348546.5731522763 12500.0 10800.783717671504 2610227.2878547106 319632.9803662541 12500.0
0 380928.873193788 335500.996366191 12500.0 10800.43910923363 2780928.873193788 313858.6142338223 12500.0
0 333007.76602387405 202012.36894029914 12500.0 10806.966575960474 2733007.7660238743 288229.60073370434 12500.0
0 242232.12090665958 255656.8482407089 12500.0 10906.24664453615 2642232.1209066594 593128.6300665269 12500.0
0 103993.83745135031 403176.98848150804 12500.0 10829.57248741939 2503993.8374513504 225449.1815780419 12500.0
0 209208.9894967665 435437.19720494264 12500.0 10806.301938665862 2609208.9894967666 517437.374745723 12500.0
0 65800.99873084198 594534.6094968385 12500.0 10804.499957363789 2465800.998730842 525245.6890085982 12500.0
0 356546.09898697416 430313.2478474832 12500.0 10812.212216693995 2756546.098986974 316147.88828170777 12500.0
0 349981.72453555174 390748.06977322465 12500.0 10829.410810073312 2749981.724535552 213507.42380190137 12500.0
0 238284.07514196378 525717.9743890157 12500.0 10801.332417746133 2638284.0751419635 488017.40056260605 12500.0
0 11025.196728037656 271414.63188320305 12500.0 10803.636763528672 2411025.1967280377 333703.21485635603 12500.0
0 21744.89160213042 281834.37428677134 12500.0 10814.487724188888 2421744.8916021306 406188.455890331 12500.0
0 57369.48769573282 467675.1019862257 12500.0 10800.171473210097 2457369.4876957326 454150.81977087137 12500.0
0 193520.6267663249 565454.9945516523 12500.0 10859.342473427965 2593520.626766325 313517.42093992775 12500.0
0 173399.33353183774 458451.1401811951 12500.0 10803.857219825684 2573399.333531838 522600.2051569464 12500.0
0 249671.16522227557 339532.9051116354 12500.0 10804.472609881153 2649671.1652222755 270454.89314767363 12500.0
0 210131.21852556305 393893.47554227855 12500.0 10821.827118761103 2610131.218525563 241231.1452863432 12500.0
0 358508.2449329874 373048.4956949095 12500.0 10800.415867028212 2758508.2449329873 394110.3103668146 12500.0
0 65398.72580476791 540282.5108371184 12500.0 10808.052404130938 2465398.725804768 447587.1328068436 12500.0
0 349993.2733604188 579817.5961300263 12500.0 10807.599713284717 2749993.2733604186 489766.42752294766 12500.0
0 252921.35719646807 532242.5599354496 12500.0 10830.266113775635 2652921.357196468 352439.63693131326 12500.0
0 164517.79617949756 456217.85375557165 12500.0 10802.859912323913 2564517.7961794976 400982.20356832835 12500.0
0 107494.67955993346 315172.38499296375 12500.0 10801.249206268061 2507494.6795599335 351676.6826641403 12500.0
0 150415.2548697985 391756.8442606084 12500.0 10820.462268206804 2550415.2548697987 243949.21190665214 12500.0
0 24149.851170925318 527320.2667369919 12500.0 10800.00001415639 2424149.8511709254 527197.3840630547 12500.0
0 213442.7362869998 544324.3859404323 12500.0 10818.290240544315 2613442.7362869997 404588.5277754534 12500.0
0 287550.18942379864 325821.6755285941 12500.0 10835.67918701469 2687550.1894237986 521066.8134871657 12500.0
0 384433.2492298431 360961.0036025788 12500.0 10828.090087931578 2784433.2492298433 534171.0669435199 12500.0
0 155808.02722248944 300232.4415208307 12500.0 10808.43496736338 2555808.0272224895 395105.0510334185 12500.0
0 54039.1513488983 251340.63609196406 12500.0 10800.008638383597 2454039.151348898 254376.13926646483 12500.0
0 294741.84045506583 463399.1146909736 12500.0 10863.412733325216 2694741.840455066 202940.2399890639 12500.0
0 5085.205822659677 461432.6503758324 12500.0 10811.21707748876 2405085.2058226597 352020.14593674155 12500.0
0 12656.57377382161 373600.2649790091 12500.0 10802.164705227184 2412656.573773822 325545.605331147 12500.0
0 151688.54839321063 290049.12515668495 12500.0 10811.910285798125 2551688.5483932104 402793.57083790225 12500.0
0 71308.86949110452 383924.7845556599 12500.0 10801.446410382348 2471308.8694911045 423205.07293164695 12500.0
0 230895.71830686636 356187.6720911561 12500.0 10800.389184278209 2630895.7183068665 335812.7518095928 12500.0
0 4122.663817218886 207657.4845196423 12500.0 10906.050463236197 2404122.663817219 544816.0329035881 12500.0
0 121659.56286708509 460560.40402178036 12500.0 10802.171132305188 2521659.562867085 412434.4521883044 12500.0
0 87629.59681676282 204813.86536549416 12500.0 10933.486168965466 2487629.596816763 583317.7301440529 12500.0
0 116720.15286931115 424783.30796576315 12500.0 10805.833545246916 2516720.152869311 503676.4557642674 12500.0
0 50205.427085980016 276258.325482247 12500.0 10803.779430510303 2450205.42708598 339757.12808301434 12500.0
0 30057.001791084036 372682.9483896992 12500.0 10825.15423220098 2430057.001791084 536580.5603517204 12500.0
0 269665.7423614846 512943.4693892117 12500.0 10802.071231348184 2669665.7423614846 465937.881531171 12500.0
0 98036.46139589834 563825.7997613247 12500.0 10802.553104628312 2498036.4613958984 511637.3575827481 12500.0
0 354425.6084697052 489498.92882467224 12500.0 10808.542072182196 2754425.608469705 584972.20764923 12500.0
0 303239.8403771405 577052.7465956567 12500.0 10806.787936769591 2703239.8403771403 491948.4502891985 12500.0
0 370216.45353773277 252529.69708277605 12500.0 10837.957844487293 2770216.453537733 453923.6343538969 12500.0
0 233928.55304976195 292263.7974545303 12500.0 10826.676581725782 2633928.553049762 461054.091085923 12500.0
0 367012.5166115415 453870.4547386597 12500.0 10812.118111840333 2767012.5166115416 340146.0609286831 12500.0
0 56694.6374646399 390829.55687873496 12500.0 10820.355599538636 2456694.6374646397 538251.0656813359 12500.0
0 230439.8968832878 229019.48830162126 12500.0 10878.930998043572 2630439.896883288 519709.5706232653 12500.0
0 112258.39023238579 467447.0307931706 12500.0 10810.018476030651 2512258.3902323856 570845.9232876697 12500.0
0 159804.4911586739 306523.7204436581 12500.0 10802.4594025703 2559804.491158674 255302.0312781781 12500.0
0 150624.55914295703 251696.15811633505 12500.0 10803.10892148378 2550624.559142957 309286.61061828287 12500.0
0 223894.13912515587 215884.86689927624 12500.0 10824.470781012862 2623894.1391251558 377538.00707432406 12500.0
0 32909.23968221495 329740.21781151707 12500.0 10821.605905843006 2432909.239682215 481626.20191382477 12500.0
0 388783.44351317047 228294.87699506848 12500.0 10867.104087658096 2788783.4435131704 496250.2125025512 12500.0
0 391958.7053960715 385513.39640508057 12500.0 10801.092060359224 2791958.7053960715 419644.3688025081 12500.0
0 90031.74245053063 242557.69846677958 12500.0 10837.665689543475 2490031.7424505306 443173.7371530359 12500.0
0 120542.49508819912 317250.39082525583 12500.0 10818.60050560124 2520542.495088199 458167.47524462425 12500.0
0 17469.768961525966 580599.2914655607 12500.0 10825.308396859326 2417469.768961526 416199.6148095759 12500.0
0 297161.1184857693 335564.3438611025 12500.0 10809.025050765 2697161.1184857693 237427.99425333683 12500.0
0 6156.203504325442 347171.7170967897 12500.0 10811.541838537847 2406156.2035043254 458157.6302178891 12500.0
0 388543.6840825878 427594.36161551694 12500.0 10835.426778628313 2788543.6840825877 233042.2041459194 12500.0
0 343467.24785453675 244287.06456778554 12500.0 10843.132790499863 2743467.247854537 458996.5970274661 12500.0
0 86660.4125900166 520927.7608540992 12500.0 10802.497959843931 2486660.4125900166 572549.4485311982 12500.0
0 52448.296357962485 499398.32954681356 12500.0 10825.148395782722 2452448.2963579623 335519.7549987269 12500.0
0 226967.9644292398 537496.3946260882 12500.0 10810.974075586837 2626967.9644292397 429276.1201716436 12500.0
0 72901.65639536052 236463.97726565765 12500.0 10803.3712807275 2472901.6563953604 296435.5875235642 12500.0
0 317663.8868157088 598775.6308450637 12500.0 10812.731300044703 2717663.886815709 482207.8066911813 12500.0
0 298815.27385409083 559960.6377850188 12500.0 10824.155673119625 2698815.273854091 399352.83606996335 12500.0
0 257240.8043263247 474587.78927468223 12500.0 10800.60778112087 2657240.8043263247 500049.8807860534 12500.0
0 369266.987930851 324861.7060875028 12500.0 10808.936173798944 2769266.987930851 422513.44537383533 12500.0
0 193200.6236646887 294540.82636513637 12500.0 10859.391471280873 2593200.623664689 546582.6734224026 12500.0
0 81667.17279647235 219860.46643475455 12500.0 10931.58379215633 2481667.1727964724 595641.0830831392 12500.0
0 366349.0050166855 408186.49793977 12500.0 10820.832930045788 2766349.0050166855 557328.1242201161 12500.0
0 41033.65335390752 206215.74191729177 12500.0 10844.875340187442 2441033.6533539076 425228.24443043384 12500.0
0 216141.95058325128 522741.82695188076 12500.0 10854.192086358296 2616141.950583251 282013.93409736024 12500.0
