0 308083.60330518166 424594.128050329 12500.0 10809.755494662611 2708083.6033051815 322561.9727729618 12500.0
0 353535.9064472267 567784.1970635928 12500.0 10882.810366582351 2753535.9064472266 270009.6137480311 12500.0
0 390175.3923189475 597041.4863845613 12500.0 10937.052128825822 2790175.3923189472 213483.7891680969 12500.0
0 4425.6248169948885 223382.37723708057 12500.0 10919.779446626753 2404425.624816995 581814.020114639 12500.0
0 319052.012051827 467905.74790676567 12500.0 10854.970435024401 2719052.012051827 225450.9008691347 12500.0
0 159698.54089459713 286785.17832298327 12500.0 10802.356110695711 2559698.5408945973 236650.77019572305 12500.0
0 228941.03054912618 323216.84279513353 12500.0 10801.865618328728 2628941.030549126 278605.5800682279 12500.0
0 77415.01280613928 248106.68706194693 12500.0 10801.14010114319 2477415.0128061394 213233.02830299264 12500.0
0 256605.90354610488 437063.4171522044 12500.0 10823.95948368042 2656605.9035461047 597016.9450260035 12500.0
0 195537.4686576938 404687.13821460545 12500.0 10834.994677981002 2595537.468657694 211327.02871803558 12500.0
0 160492.34200077827 416004.43153509987 12500.0 10805.017220902393 2560492.3420007783 342840.605893036 12500.0
0 112080.33747682608 279904.18254141806 12500.0 10860.824871455672 2512080.3374768263 534977.8236563178 12500.0
0 107064.23401037001 259956.7110230738 12500.0 10820.966844379578 2507064.23401037 409577.3749359639 12500.0
0 193.5548703742018 362201.7916623346 12500.0 10820.894093225827 2400193.554870374 212841.18290825642 12500.0
0 106577.51990298361 585507.0375026051 12500.0 10822.368506346173 2506577.5199029837 430961.09369196795 12500.0
0 166825.17215585255 263097.6246241531 12500.0 10803.157546859102 2566825.1721558524 205058.4797840866 12500.0
0 215411.41870956394 340398.7133953609 12500.0 10861.066026044695 2615411.418709564 595978.926901639 12500.0
0 228055.5601492265 572225.9804568392 12500.0 10818.053650695618 2628055.5601492263 433397.58663981064 12500.0
0 170488.5271708144 317976.48284295 12500.0 10829.513136594902 2570488.5271708146 495525.61020281306 12500.0
0 109221.43008776075 444346.0436739957 12500.0 10800.005997843566 2509221.4300877606 441816.67585183587 12500.0
0 372806.95325410075 249070.84845027167 12500.0 10826.307862590167 2772806.953254101 416689.1590652382 12500.0
0 271017.47097056423 259303.67531531252 12500.0 10816.244575734157 2671017.470970564 390987.3070584667 12500.0
0 171.18436869996145 387284.7049020197 12500.0 10800.001957469518 2400171.1843687 388729.68506590615 12500.0
0 214441.95932581867 419480.59393927286 12500.0 10803.564724186283 2614441.959325819 481149.06225419516 12500.0
0 110769.25005077544 376276.0480794995 12500.0 10805.971195438002 2510769.2500507752 456094.81707056396 12500.0
0 356526.77139023633 247311.74932046435 12500.0 10808.099137632209 2756526.7713902364 340275.8254529392 12500.0
0 127657.45154614994 483754.8210551212 12500.0 10802.646860179502 2527657.45154615 430616.66627313953 12500.0
0 247729.06172869838 229419.40691061635 12500.0 10813.005145875359 2647729.061728698 347234.97416618676 12500.0
0 180152.48628894152 466069.5028295569 12500.0 10802.872323770423 2580152.4862889415 410714.1106691369 12500.0
0 296411.7187331147 243287.19711886908 12500.0 10917.381395160262 2696411.7187331147 598093.1101481838 12500.0
0 284223.88099485415 586219.8233501244 12500.0 10804.244080614551 2684223.880994854 518930.0855400552 12500.0
0 202708.28631771388 549828.963714732 12500.0 10910.712367840735 2602708.286317714 205302.49507591804 12500.0
0 273250.9646334922 252142.83554536098 12500.0 10830.311064687034 2673250.9646334923 432079.41667538165 12500.0
0 348694.61583361524 349496.5372037672 12500.0 10826.395829821866 2748694.6158336154 517395.1932891421 12500.0
0 294065.28218687297 200315.93384977695 12500.0 10839.510720840077 2694065.282186873 405795.51947566355 12500.0
0 234493.99723607436 294873.486431333 12500.0 10838.460047417419 2634493.9972360744 497597.6741095852 12500.0
0 312563.24429137906 380208.05747289775 12500.0 10821.948480514231 2712563.244291379 533294.6407210173 12500.0
0 201085.88106746154 557682.3774408356 12500.0 10801.35060328478 2601085.8810674613 595639.3739529499 12500.0
0 114398.95788163405 463983.3534895909 12500.0 10829.294306379661 2514398.957881634 287094.5798733635 12500.0
0 389323.5315092984 446647.9585003347 12500.0 10849.492069417902 2789323.5315092984 216620.78196720814 12500.0
0 276374.0920879146 485028.2302449607 12500.0 10800.931268718205 2676374.0920879147 516546.4174888976 12500.0
0 367864.2658395999 587218.6425029956 12500.0 10905.893843800144 2767864.2658396 250310.3659985741 12500.0
0 329909.38680520887 320955.29123610066 12500.0 10800.021769189272 2729909.386805209 316136.5266683141 12500.0
0 188959.8795530182 264942.5167975607 12500.0 10879.76247486196 2588959.879553018 557165.2890331591 12500.0
0 184740.48151095558 379756.4019845744 12500.0 10802.008368542341 2584740.4815109554 333469.69799880293 12500.0
0 339785.27139405586 427761.3235554184 12500.0 10801.46013859552 2739785.271394056 388295.0537451366 12500.0
0 40176.77310827681 464901.85140739114 12500.0 10835.104976400335 2440176.773108277 271236.7657231105 12500.0
0 358257.9479851187 387205.78551943897 12500.0 10802.835514265404 2758257.9479851187 442205.2909151402 12500.0
0 42709.705994905264 483886.7585301152 12500.0 10869.249295205022 2442709.7059949054 211668.59608284855 12500.0
0 182809.714881329 348630.59110704827 12500.0 10819.575010573535 2582809.714881329 493195.2264743533 12500.0
0 34340.24737409302 268733.1959746749 12500.0 10820.677196161983 2434340.247374093 417315.79694335343 12500.0
0 383500.5347757181 291034.6910468893 12500.0 10812.128219748864 2783500.534775718 404806.5312326127 12500.0
0 185371.83318389964 438176.6077022635 12500.0 10800.271360963954 2585371.8331838995 455189.99452756904 12500.0
0 120061.5475574665 474118.504577572 12500.0 10810.594611488656 2520061.5475574667 367786.6564635782 12500.0
0 128497.93910954257 389610.65657378064 12500.0 10803.595331103583 2528497.9391095424 451543.34733437124 12500.0
0 101196.91816270117 229849.97316339886 12500.0 10816.448508745207 2501196.918162701 362358.2244483217 12500.0
0 363286.98261490354 431568.835387665 12500.0 10816.808800306237 2763286.9826149037 297616.084848857 12500.0
0 392019.98045399506 311553.37589879846 12500.0 10800.046703891232 2792019.980453995 304495.2180868377 12500.0
0 310754.9698198471 571802.6954763521 12500.0 10800.064734813748 2710754.969819847 563493.0219002556 12500.0
0 17331.400381702577 301348.6600211792 12500.0 10838.433439103674 2417331.4003817025 504002.5843136671 12500.0
0 265297.15124511544 458975.1579684714 12500.0 10800.254129903637 2665297.1512451153 442510.79990486987 12500.0
0 238995.69680219464 465237.0164992666 12500.0 10803.293322731177 2638995.6968021947 405962.96497917257 12500.0
0 134749.14142869166 411645.4629766956 12500.0 10818.834703390636 2534749.141428692 553447.6794857888 12500.0
0 374906.614757481 223439.85212380203 12500.0 10824.0191790121 2774906.614757481 383592.74013047776 12500.0
0 212466.71605353264 435537.4887258492 12500.0 10851.041713690765 2612466.7160535324 201928.52218718932 12500.0
0 130909.01644365398 240734.09301649092 12500.0 10856.600508316069 2530909.016443654 486766.7714812242 12500.0
0 318221.8043422367 579484.3169897441 12500.0 10848.272015209577 2718221.804342237 352316.49237061886 12500.0
0 377567.77443050576 505656.0104592629 12500.0 10842.174933130742 2777567.774430506 293348.6068900463 12500.0
0 376564.57458618726 491409.74402974447 12500.0 10850.61703895494 2776564.5745861875 258776.9197840947 12500.0
0 320834.97837208206 372644.4384968204 12500.0 10812.436827859934 2720834.978372082 487855.49687847495 12500.0
0 110196.44376346753 209888.4670665548 12500.0 10803.162796460445 2510196.4437634675 267975.8456183169 12500.0
0 84873.57668834915 524693.3197771312 12500.0 10801.486041841628 2484873.5766883492 564508.1455408237 12500.0
0 331487.47774932295 412556.8238621408 12500.0 10816.270196449263 2731487.477749323 280769.31015086296 12500.0
0 16684.786021073618 268830.33397048985 12500.0 10801.262017256266 2416684.786021074 232139.32156614962 12500.0
0 134890.29738929306 345586.50132837874 12500.0 10802.933345521456 2534890.297389293 289646.1151666804 12500.0
0 3405.4558499165387 547863.7060064275 12500.0 10822.947057193433 2403405.4558499167 391329.7980618733 12500.0
0 92591.9796401382 486885.96828531957 12500.0 10815.947121672963 2492591.9796401383 356414.43242249714 12500.0
0 164092.53090580727 429336.34912613296 12500.0 10800.001766994681 2564092.5309058074 427963.4709513951 12500.0
0 136672.55365823983 383225.4081599171 12500.0 10838.163493162481 2536672.55365824 585165.1259123324 12500.0
0 97494.20799934416 256675.75834826514 12500.0 10809.077657034097 2497494.207999344 355097.8264833491 12500.0
0 242722.15874243598 295371.65313548053 12500.0 10804.95422924605 2642722.158742436 222668.67338704018 12500.0
0 265048.84536788537 479135.3825213403 12500.0 10812.219927173312 2665048.845367885 593336.7973065637 12500.0
0 273583.38765094115 408868.89857672236 12500.0 10801.915150468863 2673583.387650941 363669.2493216775 12500.0
0 115004.99554724613 221533.99030261402 12500.0 10839.37695746577 2515004.995547246 426664.8219102636 12500.0
0 223921.2941341215 527059.2360939947 12500.0 10803.380453057964 2623921.2941341214 587112.3868382842 12500.0
0 295747.1435115131 314297.3248609609 12500.0 10807.903501776138 2695747.1435115132 222463.3082728137 12500.0
0 386240.73775674734 279913.68118019827 12500.0 10801.57398106962 2786240.7377567473 238937.64571458806 12500.0
0 198418.21127191643 345396.2947454848 12500.0 10802.756423445539 2598418.2112719165 399623.22727942985 12500.0
0 167513.6241410541 330544.00054002536 12500.0 10800.125535963356 2567513.624141054 318972.232921524 12500.0
0 369092.31465903553 453361.30266453215 12500.0 10814.83974702489 2769092.3146590358 579218.1199638257 12500.0
0 57502.487790576764 276574.32337283704 12500.0 10802.174709457802 2457502.4877905766 324739.9089815027 12500.0
0 139567.4649738858 343252.7204786407 12500.0 10801.500107081347 2539567.4649738856 303249.9037393169 12500.0
0 53740.1724287931 583992.4138400833 12500.0 10808.471641818422 2453740.1724287933 488913.69869453704 12500.0
0 312911.9235124175 451298.04612882243 12500.0 10800.781632703201 2712911.9235124174 422422.94058031804 12500.0
0 19532.51436761505 556252.283459533 12500.0 10849.711410282665 2419532.514367615 325714.7809355041 12500.0
0 291386.8956800044 366869.00939341314 12500.0 10800.243241031165 2691386.8956800043 350761.24661593465 12500.0
0 285721.52553355077 419478.0039422442 12500.0 10814.492266230156 2685721.525533551 543851.5901880668 12500.0
0 130272.89490924563 307794.23188620684 12500.0 10813.716673993542 2530272.8949092454 428791.79443812044 12500.0
0 202336.2934092276 514114.24659689685 12500.0 10802.537303559891 2602336.2934092274 566140.9229466545 12500.0
0 299484.6758739478 238204.22288249325 12500.0 10865.674665096163 2699484.675873948 503281.51677787077 12500.0
